GRT_LABELLED_TIME_SERIES_CLASSIFICATION_DATA_FILE_V1.0
DatasetName: GloveData
InfoText: This data contains gesture data
NumDimensions: 6
TotalNumTrainingExamples: 80
NumberOfClasses: 4
ClassIDsAndCounters: 
1 20
2 20
3 20
4 20
UseExternalRanges: 0
LabelledTimeSeriesTrainingData:
************TIME_SERIES************
ClassID: 1
TimeSeriesLength: 12
TimeSeriesData: 
-0.41	0.24	0.91	-0.83	0.16	-0.14
-0.39	0.24	0.90	-1.67	1.83	-1.25
-0.42	0.46	0.94	0.77	-13.90	15.58
-0.62	0.40	1.04	-13.57	-15.22	175.86
0.17	-0.15	0.77	-18.92	6.70	138.64
0.37	-0.02	0.90	-13.50	-2.63	-10.78
0.26	0.10	0.97	-0.70	1.83	0.90
0.21	0.09	0.99	-2.16	7.46	2.23
0.21	0.08	0.96	-2.09	-0.40	-0.42
0.22	0.09	0.97	1.95	-1.65	1.11
0.23	0.08	0.96	-2.02	-0.47	0.14
0.23	0.07	0.96	-0.77	0.43	-2.43
************TIME_SERIES************
ClassID: 1
TimeSeriesLength: 12
TimeSeriesData: 
-0.64	-0.02	0.96	-19.69	81.96	-11.34
-1.45	-0.19	0.28	-119.79	-150.10	342.82
0.00	-0.18	0.77	-107.83	-53.06	248.97
0.52	-0.16	0.87	-7.30	5.03	2.43
0.23	0.03	0.99	-0.70	0.99	-4.59
0.20	0.00	0.99	1.39	2.38	-0.14
0.20	0.03	0.98	0.14	-0.89	1.39
0.21	0.02	0.95	0.14	1.34	-3.06
0.19	0.03	0.98	-2.37	0.71	2.09
0.15	0.01	0.99	1.11	0.57	1.39
0.16	0.02	0.98	0.83	0.23	-1.04
0.17	0.01	0.99	0.56	-0.33	-0.35
************TIME_SERIES************
ClassID: 1
TimeSeriesLength: 12
TimeSeriesData: 
-0.45	-0.04	0.90	-3.34	-2.42	-0.07
-0.66	0.30	1.08	57.67	-24.19	85.98
-0.50	-0.00	0.78	-65.18	-19.25	253.98
0.43	-0.11	0.83	-8.77	6.90	89.74
0.07	0.13	0.96	-7.65	-1.17	-7.10
0.07	0.10	1.01	5.50	3.22	0.90
0.07	0.13	0.99	0.14	1.13	-0.70
0.08	0.11	0.99	-0.21	-1.24	-0.35
0.09	0.10	0.99	-0.90	0.92	0.97
0.07	0.10	0.99	0.70	0.50	0.97
0.07	0.09	0.99	0.07	0.43	0.63
0.08	0.09	1.00	-0.70	1.27	-2.43
************TIME_SERIES************
ClassID: 1
TimeSeriesLength: 12
TimeSeriesData: 
-0.44	-0.05	0.88	-1.04	-3.67	-0.21
-0.46	-0.07	0.88	1.67	-2.00	0.21
-0.70	0.21	1.33	-11.76	15.32	-5.36
-0.57	-0.09	0.70	-38.33	-5.20	230.89
0.26	-0.10	0.85	-58.71	-20.09	125.22
0.14	0.06	0.93	3.48	2.31	-5.01
0.16	0.03	1.01	-3.41	-0.75	-0.97
0.15	0.04	0.97	-4.17	2.17	1.67
0.12	0.03	0.98	-3.41	5.10	2.02
0.11	0.02	1.00	4.03	0.92	-1.53
0.11	0.03	1.00	4.24	4.89	1.11
0.11	0.05	0.99	-0.14	1.20	1.88
************TIME_SERIES************
ClassID: 1
TimeSeriesLength: 12
TimeSeriesData: 
-0.48	-0.04	0.89	1.25	0.43	0.77
-0.49	-0.04	0.88	-0.35	0.78	-0.14
-1.23	-0.14	1.33	7.17	58.87	-1.25
-0.38	-0.02	0.67	-80.35	-14.04	276.31
0.43	0.05	0.84	-29.08	-16.19	52.17
0.09	0.22	0.94	0.00	0.43	-1.39
0.07	0.18	0.98	3.55	-0.61	2.09
0.06	0.19	0.99	-0.70	-1.03	-1.39
0.08	0.18	0.97	0.28	-1.10	0.21
0.09	0.18	0.98	-0.83	2.38	1.32
0.07	0.18	0.98	-1.11	1.90	0.70
0.06	0.18	0.99	-0.56	-0.75	-1.88
************TIME_SERIES************
ClassID: 1
TimeSeriesLength: 12
TimeSeriesData: 
-0.40	-0.04	0.96	-15.30	-0.40	-2.16
-0.86	0.04	0.79	54.68	59.50	232.97
-0.18	0.03	0.63	-124.24	-27.74	215.93
0.22	0.11	0.97	9.67	0.09	7.72
0.04	0.22	0.97	-4.52	2.66	-0.97
0.05	0.21	0.98	2.78	-1.79	1.25
0.05	0.20	0.99	-1.32	6.35	1.39
0.03	0.20	0.98	0.49	1.48	1.81
0.04	0.20	0.97	0.00	2.66	-0.97
0.03	0.21	1.01	1.39	-1.44	1.39
0.02	0.21	0.99	1.46	1.96	0.77
0.04	0.20	0.98	2.02	0.50	0.63
************TIME_SERIES************
ClassID: 1
TimeSeriesLength: 12
TimeSeriesData: 
-0.73	-0.09	1.42	29.50	74.66	4.94
-0.64	0.23	0.65	-60.31	-11.25	264.00
0.29	0.05	0.82	-32.97	-8.05	67.06
0.06	0.16	0.98	1.95	0.71	-0.28
0.01	0.17	1.00	1.18	0.85	0.14
0.03	0.18	0.97	1.11	0.09	-0.07
0.02	0.19	0.98	1.95	0.23	0.14
0.03	0.17	0.98	-1.53	1.06	0.49
0.03	0.18	0.98	0.42	0.92	1.67
0.02	0.18	0.99	-0.56	-0.61	-0.21
0.03	0.18	0.98	0.35	-0.05	0.14
0.03	0.18	0.97	0.14	0.50	0.21
************TIME_SERIES************
ClassID: 1
TimeSeriesLength: 12
TimeSeriesData: 
-0.43	-0.01	0.92	0.21	-1.51	0.28
-0.43	0.02	1.04	-11.41	40.78	-3.27
-0.75	0.25	1.01	58.92	-6.80	186.50
-0.10	0.05	0.63	-91.41	-13.27	194.16
0.25	0.14	0.98	4.10	4.68	9.60
0.07	0.24	0.98	-2.57	2.52	-5.29
0.07	0.23	0.98	2.37	-1.24	-0.56
0.05	0.24	0.98	0.28	0.50	1.74
0.05	0.24	0.97	1.81	0.36	1.67
0.05	0.24	0.97	1.18	0.78	0.21
0.05	0.24	0.98	-0.56	0.85	-0.49
0.05	0.25	0.97	1.04	-0.05	-0.83
************TIME_SERIES************
ClassID: 1
TimeSeriesLength: 12
TimeSeriesData: 
-0.43	0.04	0.89	-3.27	1.13	-0.49
-0.81	0.20	1.01	74.30	31.60	80.70
-0.46	0.23	0.53	-120.83	-6.94	227.55
0.34	0.04	0.87	-27.97	-11.39	78.26
0.07	0.20	0.95	4.31	-3.32	-2.64
0.08	0.21	0.98	0.56	4.47	-0.70
0.07	0.20	0.97	1.81	1.55	3.55
0.06	0.22	0.97	0.21	0.09	-1.04
0.09	0.21	0.97	1.67	0.02	-1.81
0.08	0.21	0.99	0.90	0.29	0.28
0.08	0.23	0.97	1.39	-0.19	0.28
0.08	0.23	0.97	-1.04	-0.19	0.42
************TIME_SERIES************
ClassID: 1
TimeSeriesLength: 12
TimeSeriesData: 
-0.68	0.09	1.47	37.36	55.81	27.48
-0.43	-0.01	0.47	-60.03	8.29	236.66
0.27	0.18	0.75	-41.11	-13.90	65.32
0.10	0.29	0.97	4.94	-0.89	-7.86
0.09	0.26	0.96	-0.56	1.55	-3.48
0.08	0.27	0.95	-0.28	2.45	1.39
0.07	0.25	0.95	3.06	0.64	-0.14
0.05	0.26	0.97	0.14	0.29	-0.63
0.07	0.26	0.95	1.39	0.36	-0.90
0.06	0.27	0.97	0.49	1.20	0.70
0.05	0.26	0.97	-0.07	-0.89	1.46
0.06	0.25	0.97	0.00	0.71	0.35
************TIME_SERIES************
ClassID: 1
TimeSeriesLength: 12
TimeSeriesData: 
-0.56 0.32  0.76  -0.63 -6.94 -0.21
-0.56 0.33  0.73  1.04  -0.05 -3.55
-0.96 0.89  1.10  13.57 -31.08  50.85
-0.55 0.34  0.62  -33.39  17.96 169.60
0.14  0.09  0.76  -87.03  29.37 146.23
0.29  -0.12 1.08  -21.01  16.92 12.80
0.00  0.06  0.98  7.58  -6.80 -0.42
0.02  0.05  1.00  4.17  3.77  4.24
0.03  0.05  1.00  -1.18 3.29  1.46
0.04  0.03  1.01  -3.97 -4.09 -2.64
0.04  0.02  0.98  -3.13 -6.45 -2.23
0.04  0.02  1.00  -0.14 -2.00 0.14
************TIME_SERIES************
ClassID: 1
TimeSeriesLength: 13
TimeSeriesData: 
-0.83 0.30  0.45  1.60  -1.17 0.00
-1.00 0.31  0.42  16.35 -12.02  4.59
-1.16 0.51  0.45  8.21  -85.97  189.01
-0.06 0.10  0.66  -113.18 -11.88  175.37
0.35  -0.04 0.93  -41.25  12.47 41.60
0.18  0.10  0.98  2.09  0.92  -5.57
0.16  0.10  0.95  -2.78 -0.54 2.99
0.19  0.09  0.97  -0.63 2.59  0.42
0.18  0.07  0.99  0.00  2.52  -0.35
0.19  0.07  0.98  -2.30 3.15  1.46
0.18  0.05  0.99  1.04  3.63  0.49
0.16  0.06  0.99  -1.74 2.17  0.21
0.15  0.05  0.98  0.56  -0.05 0.21
************TIME_SERIES************
ClassID: 1
TimeSeriesLength: 12
TimeSeriesData: 
-0.31 -0.87 0.38  1.11  2.31  2.37
-0.31 -0.88 0.40  6.12  9.89  4.38
-0.64 -0.84 0.92  105.11  29.65 102.26
-0.59 0.04  0.57  108.66  -55.84  198.19
0.14  0.04  0.76  -82.02  -19.11  146.23
0.30  -0.04 1.04  0.90  25.34 11.97
0.11  0.04  1.00  -5.15 5.16  -0.07
0.09  0.06  0.99  0.49  1.96  3.62
0.09  0.05  1.00  -0.90 3.56  1.88
0.07  0.05  0.99  1.39  2.94  4.45
0.10  0.05  0.99  -2.30 2.24  -0.83
0.10  0.05  0.99  -1.25 -1.72 -1.04
************TIME_SERIES************
ClassID: 1
TimeSeriesLength: 11
TimeSeriesData: 
-0.72 -1.45 0.39  39.65 -66.70  92.80
-0.63 -1.00 0.31  59.55 -142.80 143.23
-0.27 -0.07 0.50  100.59  -105.86 152.70
0.41  0.07  0.76  -10.37  -0.12 80.28
0.31  0.09  1.00  -2.50 8.78  -6.75
0.20  0.14  0.97  4.59  -0.54 2.37
0.24  0.16  0.96  -3.69 5.79  -2.30
0.23  0.13  0.95  1.53  0.02  1.67
0.22  0.13  0.97  0.14  -1.03 0.49
0.22  0.13  0.97  0.90  0.92  1.81
0.21  0.14  0.96  0.97  3.50  0.90
************TIME_SERIES************
ClassID: 1
TimeSeriesLength: 12
TimeSeriesData: 
-0.27 -1.12 0.49  28.87 7.32  24.49
-0.99 -1.36 0.43  55.65 -125.55 139.34
-0.42 -0.19 0.40  89.11 -158.59 155.06
0.25  -0.09 0.78  -3.27 -15.43  107.97
0.32  -0.04 1.01  -2.16 8.36  17.46
0.13  0.02  0.99  1.53  1.83  1.67
0.18  0.02  0.97  2.16  -1.31 1.46
0.18  0.03  0.99  -1.25 -0.96 -0.42
0.18  0.03  0.97  -0.21 2.10  0.28
0.17  0.02  0.99  2.09  -0.47 0.77
0.16  0.02  0.99  1.53  0.43  1.88
0.15  0.02  0.98  -0.35 -0.68 0.07
************TIME_SERIES************
ClassID: 1
TimeSeriesLength: 12
TimeSeriesData: 
-0.66 -1.20 0.56  53.50 0.16  14.40
-0.74 -0.80 0.39  113.18  -109.41 212.66
-0.08 -0.16 0.42  18.99 -99.74  143.65
0.32  -0.07 0.92  -12.24  2.59  68.24
0.17  -0.04 0.95  2.71  -1.03 -0.70
0.13  -0.01 1.01  5.22  1.90  0.70
0.14  -0.00 0.97  0.21  -0.33 0.07
0.15  -0.02 0.99  1.74  -0.54 2.30
0.13  -0.03 1.00  0.28  0.78  0.90
0.14  -0.02 1.00  -0.42 0.43  -0.49
0.14  -0.03 0.99  0.21  1.20  1.67
0.13  -0.04 0.98  0.63  -0.54 -0.07
************TIME_SERIES************
ClassID: 1
TimeSeriesLength: 12
TimeSeriesData: 
-0.18 -1.17 0.49  -1.04 52.96 21.50
-0.72 -1.03 0.01  92.31 -139.04 211.41
-0.21 -0.17 0.36  46.26 -169.86 145.46
0.25  -0.07 0.86  2.57  -18.49  66.85
0.16  0.07  0.97  -4.38 7.46  1.81
0.12  0.08  0.97  0.14  -1.24 -3.13
0.13  0.06  0.98  -0.21 1.27  0.70
0.13  0.08  0.99  -0.35 0.43  0.42
0.11  0.06  0.99  1.25  -0.75 0.14
0.13  0.07  0.99  -1.25 0.99  -0.42
0.11  0.06  0.99  1.25  -0.33 -0.42
0.10  0.06  0.99  0.77  -1.17 -0.49
************TIME_SERIES************
ClassID: 1
TimeSeriesLength: 12
TimeSeriesData: 
-0.98 -1.46 0.54  16.28 -109.76 58.50
-0.68 -0.95 0.20  133.57  -123.46 201.32
-0.09 -0.11 0.51  65.88 -116.99 169.11
0.34  -0.05 0.90  -16.63  -16.61  76.66
0.18  0.08  0.99  -4.17 8.09  0.42
0.16  0.07  0.97  3.90  -0.12 1.74
0.15  0.07  0.97  3.62  -0.40 -0.21
0.17  0.07  0.97  -3.69 0.57  -0.35
0.15  0.06  0.99  -0.21 -0.40 0.56
0.15  0.06  0.99  -1.11 -0.96 0.63
0.16  0.06  0.99  0.49  1.34  0.83
0.15  0.05  0.98  0.42  0.02  0.14
************TIME_SERIES************
ClassID: 1
TimeSeriesLength: 12
TimeSeriesData: 
-1.05 -1.63 0.48  -9.11 -19.81  146.37
-0.52 -0.45 0.11  128.97  -193.58 212.80
0.10  0.02  0.65  1.74  -58.56  104.14
0.27  0.01  0.99  -14.12  0.92  34.57
0.14  0.06  0.99  -0.70 0.43  -6.54
0.13  0.05  0.99  1.74  0.57  1.88
0.13  0.08  0.98  0.49  -0.19 -1.25
0.14  0.08  0.99  1.11  0.16  0.90
0.13  0.07  0.99  0.28  -0.19 0.97
0.14  0.08  0.98  0.07  0.71  -0.56
0.13  0.07  0.99  -0.14 -0.47 -0.07
0.13  0.07  0.98  0.00  0.16  -0.07
************TIME_SERIES************
ClassID: 1
TimeSeriesLength: 12
TimeSeriesData: 
-0.17 -0.98 0.14  0.42  -0.75 0.00
-0.43 -1.15 0.47  31.23 23.25 18.78
-0.88 -1.20 0.58  40.63 -77.13  165.43
-0.33 -0.16 0.35  92.03 -114.21 164.38
0.09  0.20  0.76  -21.50  -27.95  89.95
0.25  0.00  1.04  -12.87  -6.59 32.83
0.14  0.11  0.97  0.77  0.16  -0.70
0.13  0.12  0.98  2.57  0.43  1.18
0.13  0.13  0.97  -1.32 1.55  0.42
0.12  0.11  0.99  -0.14 0.02  1.18
0.13  0.10  0.98  -0.49 0.02  0.42
0.12  0.10  0.99  1.67  -1.51 0.42
************TIME_SERIES************
ClassID: 2
TimeSeriesLength: 12
TimeSeriesData: 
-0.25 0.88  0.44  -4.38 3.56  -4.45
-0.27 0.91  0.51  -10.78  -0.47 2.30
-0.14 1.44  0.24  44.59 -21.69  71.37
0.36  1.22  -0.20 40.63 -64.05  17.74
0.00  0.07  0.62  -124.66 -70.04  -93.84
0.13  0.98  0.27  3.20  -5.06 26.99
0.13  1.00  0.26  2.92  -4.51 7.10
0.14  1.00  0.25  -2.57 1.20  -1.81
0.12  0.96  0.23  1.39  -0.54 -1.18
0.13  1.00  0.26  -0.63 -0.19 -0.14
0.13  0.98  0.24  -0.14 -1.65 1.81
0.14  0.98  0.25  0.83  -1.58 1.88
************TIME_SERIES************
ClassID: 2
TimeSeriesLength: 11
TimeSeriesData: 
-0.43 -1.25 0.42  28.31 26.17 56.00
-0.57 0.23  0.57  280.14  40.02 230.68
0.13  1.16  -0.22 146.64  -1.58 74.09
0.09  0.05  0.90  -152.83 -160.75 63.37
0.34  0.99  0.26  -5.15 1.41  9.88
0.30  0.90  0.24  3.06  -5.20 4.38
0.31  0.93  0.26  -0.63 -0.75 -3.27
0.27  0.93  0.23  -0.28 -2.63 4.45
0.32  0.93  0.27  -4.45 -1.17 3.90
0.30  0.91  0.28  -1.11 -3.32 3.41
0.32  0.90  0.29  0.07  4.61  0.42
************TIME_SERIES************
ClassID: 2
TimeSeriesLength: 12
TimeSeriesData: 
-1.37 -1.16 0.99  397.43  -137.86 444.38
0.44  0.91  -0.75 213.43  -68.16  114.57
0.09  -0.11 1.46  -205.29 -220.57 26.50
0.36  0.86  0.42  -6.26 -20.92  30.33
0.28  0.88  0.40  3.62  -7.08 4.03
0.25  0.89  0.44  -2.92 4.47  -2.99
0.25  0.87  0.42  0.97  -0.40 3.83
0.29  0.86  0.42  -0.28 -2.97 2.23
0.29  0.87  0.45  -0.56 -2.56 2.71
0.27  0.86  0.43  -3.27 4.96  -0.42
0.34  0.82  0.43  14.75 -10.07  21.57
0.29  0.86  0.41  -1.74 -4.57 0.77
************TIME_SERIES************
ClassID: 2
TimeSeriesLength: 12
TimeSeriesData: 
-0.49 -0.59 1.32  42.85 -14.87  57.11
-0.33 0.34  0.70  305.95  -107.88 157.57
0.01  0.22  -0.12 77.22 12.96 -45.15
0.05  0.96  -0.37 -19.34  0.36  -0.56
0.00  1.00  -0.23 -2.09 4.68  5.36
0.03  0.98  -0.24 0.00  -0.33 -2.64
0.05  0.98  -0.24 -2.57 1.06  0.28
0.07  0.99  -0.24 -4.24 4.96  -4.87
0.05  1.00  -0.21 -2.50 0.99  1.67
0.05  1.00  -0.21 -0.63 1.62  -0.28
0.03  1.00  -0.19 -0.35 -0.26 0.42
0.06  0.99  -0.20 0.14  -0.61 1.18
************TIME_SERIES************
ClassID: 2
TimeSeriesLength: 12
TimeSeriesData: 
-0.71 -0.81 1.51  285.36  -33.72  108.38
-0.32 0.84  0.79  261.29  -77.41  166.61
-0.08 0.26  0.38  142.05  -43.74  -64.56
0.02  0.86  -0.29 -12.87  3.50  11.90
0.02  1.00  -0.24 -3.41 1.48  -4.10
0.04  1.02  -0.18 -7.65 2.03  -3.20
0.03  0.99  -0.15 -2.30 0.85  2.85
0.04  1.00  -0.14 -3.62 -0.75 -1.39
0.04  1.01  -0.15 -4.10 -1.65 -1.25
0.02  1.00  -0.11 -0.35 -1.03 0.90
0.05  1.01  -0.11 -4.10 -5.62 4.94
0.05  0.99  -0.12 0.70  -1.24 2.50
************TIME_SERIES************
ClassID: 2
TimeSeriesLength: 12
TimeSeriesData: 
-0.11 0.66  0.68  343.23  -85.90  130.43
0.10  0.41  -0.15 100.31  -51.53  -8.56
0.06  0.80  -0.37 -12.66  -2.14 -3.48
0.08  1.00  -0.30 -3.97 -0.26 -1.04
0.08  0.97  -0.30 -3.06 -4.57 -2.99
0.09  0.96  -0.30 0.35  0.23  0.42
0.09  0.98  -0.28 -3.55 -0.05 1.67
0.07  0.98  -0.26 0.14  0.50  -0.14
0.09  0.96  -0.27 -0.21 0.16  -3.97
0.07  0.99  -0.25 -0.21 -0.75 0.00
0.08  0.98  -0.25 1.11  1.13  -0.07
0.08  0.99  -0.25 -1.39 -0.19 -0.63
************TIME_SERIES************
ClassID: 2
TimeSeriesLength: 12
TimeSeriesData: 
-0.36 -0.29 0.90  -1.60 -2.63 -0.28
-0.62 -0.39 1.50  186.43  10.59 101.57
-0.17 1.20  0.30  199.03  -28.09  94.33
-0.04 0.28  0.01  19.06 -51.81  -15.72
0.04  0.86  -0.28 -6.26 2.94  -2.02
0.03  0.99  -0.27 -1.25 2.52  -7.30
0.03  0.97  -0.25 -3.69 0.71  -2.64
0.04  0.99  -0.24 -0.70 -0.82 -0.90
0.04  1.00  -0.23 -1.32 -0.05 -1.95
0.05  1.00  -0.23 -1.18 -4.37 -1.53
0.02  1.00  -0.22 0.42  -0.82 2.71
0.03  0.99  -0.22 0.90  -0.33 1.39
************TIME_SERIES************
ClassID: 2
TimeSeriesLength: 12
TimeSeriesData: 
-0.32 -0.28 0.91  -0.77 -0.82 -0.42
-0.30 -0.44 1.08  90.85 80.16 30.05
-0.07 1.15  0.71  232.63  -8.05 133.15
0.02  0.67  0.06  115.62  -90.84  17.74
0.00  0.75  -0.26 17.18 6.07  -9.53
0.00  0.99  -0.24 -7.58 0.43  -0.97
-0.01 1.01  -0.23 -5.70 0.57  -2.16
0.01  1.00  -0.22 1.39  1.20  0.97
0.01  1.00  -0.21 -2.78 -1.10 -1.88
-0.02 1.00  -0.21 -0.90 0.29  -0.70
0.01  0.99  -0.19 1.04  -0.68 -0.35
0.00  1.00  -0.19 0.42  0.09  0.97
************TIME_SERIES************
ClassID: 2
TimeSeriesLength: 12
TimeSeriesData: 
-0.37 -0.26 0.90  0.00  0.78  -0.56
-0.37 -0.26 0.89  0.90  0.64  -0.49
-0.48 -0.40 1.14  78.05 52.82 40.28
-0.36 0.84  0.29  245.08  -66.84  159.37
-0.10 0.54  0.04  45.91 -53.34  3.55
-0.01 0.73  -0.34 15.30 3.77  10.09
0.02  0.94  -0.41 -14.96  4.47  -3.55
0.00  0.99  -0.34 -9.95 0.43  -3.83
0.00  0.98  -0.33 -4.45 3.50  -3.62
0.01  0.97  -0.31 -0.56 -0.47 -1.04
0.02  0.98  -0.28 -1.04 -0.82 0.70
0.01  0.98  -0.29 -0.49 -2.42 0.49
************TIME_SERIES************
ClassID: 2
TimeSeriesLength: 12
TimeSeriesData: 
-0.32 -0.24 0.92  0.42  -0.12 -0.28
-0.95 0.70  1.23  295.86  63.39 172.31
-0.40 0.84  0.17  110.12  -149.13 133.15
-0.03 0.51  -0.16 17.32 -18.70  -9.04
-0.08 0.93  -0.20 4.87  8.64  -0.70
0.02  0.97  -0.23 -7.86 -0.12 -2.23
0.00  1.00  -0.18 -0.21 0.85  0.63
0.01  1.00  -0.21 -0.90 4.82  -4.17
0.01  1.00  -0.21 -2.37 1.62  -0.63
0.02  1.00  -0.20 0.21  -2.97 0.90
0.02  1.00  -0.20 -1.67 -0.12 -0.14
0.01  1.00  -0.19 -1.60 0.16  -0.35
************TIME_SERIES************
ClassID: 2
TimeSeriesLength: 12
TimeSeriesData: 
-0.29 -0.29 0.91  0.35  0.43  -0.14
-0.29 -0.29 0.92  0.56  -0.40 -0.28
-0.85 0.51  1.38  267.06  57.27 145.74
-0.23 0.95  0.17  161.32  -117.13 87.10
-0.11 0.48  0.02  20.80 -32.82  3.55
0.05  0.99  -0.31 10.64 9.20  3.20
0.03  0.98  -0.26 -4.94 0.02  -1.60
0.01  1.00  -0.24 -6.05 0.02  1.18
0.01  1.00  -0.21 -2.85 -1.24 -1.25
0.01  1.00  -0.21 -0.07 0.29  0.56
0.01  0.99  -0.22 -1.04 -1.17 1.67
0.02  1.00  -0.21 -0.49 0.09  0.35
************TIME_SERIES************
ClassID: 2
TimeSeriesLength: 12
TimeSeriesData: 
-1.05 -0.31 2.35  268.80  -19.53  120.83
-0.13 0.75  0.22  191.17  -83.88  82.64
-0.04 0.59  -0.06 16.21 -34.00  -13.50
0.02  0.92  -0.35 -2.99 9.34  -2.50
0.01  0.99  -0.24 -2.37 3.98  -4.10
0.00  1.00  -0.24 -3.90 0.92  -0.70
0.00  0.98  -0.25 0.77  0.43  0.56
0.00  0.98  -0.24 -0.49 0.36  -0.07
-0.00 1.00  -0.23 -1.67 1.27  0.35
0.00  0.99  -0.23 -0.49 0.64  -0.07
0.00  0.99  -0.22 -1.18 -0.26 0.07
0.01  1.00  -0.21 -1.74 -1.79 0.90
************TIME_SERIES************
ClassID: 2
TimeSeriesLength: 11
TimeSeriesData: 
-0.49 0.74  1.35  248.28  60.61 121.53
-0.22 0.76  0.37  225.04  -70.66  89.39
-0.05 0.46  -0.08 2.09  -18.49  -1.88
0.02  1.05  -0.23 0.97  3.77  -0.49
0.01  0.98  -0.21 -7.58 -3.32 -1.74
-0.01 1.00  -0.16 -2.16 -0.68 -0.77
0.00  1.00  -0.16 -1.60 0.57  -0.28
-0.00 1.00  -0.16 -2.02 -0.68 -0.63
0.01  1.01  -0.15 -0.49 2.10  -0.21
0.00  1.00  -0.16 -0.49 -1.17 -0.28
-0.00 1.01  -0.15 -0.07 0.09  0.97
************TIME_SERIES************
ClassID: 2
TimeSeriesLength: 12
TimeSeriesData: 
-0.50 0.21  0.79  242.78  -5.62 174.26
-0.07 0.48  0.42  60.17 -61.48  -28.17
-0.01 0.80  0.14  9.32  -22.38  13.22
-0.04 1.02  0.14  -4.10 1.06  -2.78
-0.06 1.00  0.13  -1.46 0.02  2.02
-0.05 1.00  0.20  -5.15 0.36  -2.02
-0.08 0.99  0.21  -3.83 -2.90 1.25
-0.06 0.99  0.22  -3.41 -1.03 0.00
-0.05 0.99  0.23  -1.46 -1.72 0.07
-0.05 0.99  0.24  -0.21 -0.40 -1.11
-0.05 0.98  0.24  -0.97 0.29  -1.53
-0.05 0.99  0.24  -0.90 -0.12 -0.49
************TIME_SERIES************
ClassID: 2
TimeSeriesLength: 12
TimeSeriesData: 
-0.36 -0.26 0.89  0.21  0.29  -0.42
-0.38 -0.30 0.91  8.49  13.58 3.48
0.04  0.91  0.41  277.70  -15.22  107.13
-0.21 0.49  0.40  61.91 -88.68  24.35
0.05  0.88  0.15  -6.05 10.87 -10.30
-0.00 1.00  0.13  -6.12 -3.32 -0.28
-0.01 1.00  0.15  -6.33 -3.39 -0.21
-0.04 1.00  0.17  -1.32 0.02  3.69
-0.01 0.99  0.20  -3.69 2.87  -1.18
-0.01 1.00  0.20  -0.56 -0.05 -1.32
-0.02 0.95  0.26  1.88  2.17  1.60
0.05  0.56  0.28  -5.98 70.63 18.02
************TIME_SERIES************
ClassID: 2
TimeSeriesLength: 12
TimeSeriesData: 
-0.30 -0.36 0.93  36.94 44.68 15.93
-0.13 1.09  0.63  184.70  -17.65  43.69
0.10  0.66  -0.03 82.30 -82.97  14.47
-0.09 0.73  -0.09 6.19  -14.45  -3.55
-0.04 1.00  -0.23 -1.25 4.12  0.42
-0.01 0.96  -0.21 -4.03 -4.37 4.80
-0.02 1.00  -0.17 -2.71 0.85  -0.28
-0.01 1.00  -0.16 -0.83 1.20  -2.02
0.00  1.00  -0.17 -2.71 1.20  -0.42
-0.02 0.96  -0.13 -5.08 0.29  1.81
0.00  0.85  0.01  -72.21  28.75 1.39
-0.04 0.91  0.26  -75.27  57.27 -36.52
************TIME_SERIES************
ClassID: 2
TimeSeriesLength: 12
TimeSeriesData: 
-0.41 0.40  1.33  218.92  57.90 147.97
-0.00 0.78  0.18  189.98  -68.09  32.00
0.01  0.49  -0.22 3.34  -4.51 7.10
0.04  1.01  -0.38 -10.71  6.21  -10.30
0.03  0.95  -0.33 -6.05 -0.68 0.00
0.04  0.98  -0.30 -1.46 0.36  -1.46
0.04  0.97  -0.29 0.70  -1.37 0.56
0.03  0.98  -0.28 0.56  -1.58 0.49
0.02  0.99  -0.28 -0.90 -0.68 -0.21
0.03  0.98  -0.28 0.00  -0.96 1.04
0.04  0.98  -0.29 -0.83 1.27  0.07
0.04  0.98  -0.26 -1.60 -2.00 0.83
************TIME_SERIES************
ClassID: 2
TimeSeriesLength: 12
TimeSeriesData: 
-0.31 -0.21 0.92  0.28  0.29  -0.28
-0.31 -0.22 0.92  1.04  -0.26 -0.14
-0.11 1.09  0.51  235.27  9.20  130.30
-0.17 0.74  0.10  177.25  -55.36  60.73
-0.05 0.56  -0.17 4.03  -10.14  8.56
0.02  1.05  -0.35 -8.77 2.80  -6.54
0.01  0.96  -0.26 0.70  2.59  2.23
0.00  0.97  -0.26 -5.01 -3.95 7.37
0.02  1.00  -0.23 -0.77 2.03  -0.97
0.01  0.98  -0.25 0.35  0.99  -1.60
0.01  1.00  -0.24 -1.39 0.64  -0.35
0.01  1.00  -0.23 -1.74 -0.05 -0.07
************TIME_SERIES************
ClassID: 2
TimeSeriesLength: 12
TimeSeriesData: 
-0.27 -0.26 0.92  0.28  -0.26 0.07
-0.22 -0.44 1.07  120.35  117.65  46.47
-0.13 1.01  0.58  253.29  3.56  103.58
0.01  0.66  0.02  81.11 -61.97  21.63
-0.02 0.82  -0.33 2.92  15.11 -0.28
0.03  1.00  -0.31 -4.03 -1.58 -1.11
0.05  0.98  -0.30 -2.78 -1.17 -0.97
0.04  0.98  -0.28 -0.83 -0.33 -0.63
0.02  0.98  -0.25 -2.30 -3.74 1.04
0.04  0.99  -0.24 -1.67 -2.49 2.85
0.04  1.00  -0.27 -1.74 0.92  -0.49
0.06  1.00  -0.24 -1.60 0.64  -0.77
************TIME_SERIES************
ClassID: 2
TimeSeriesLength: 12
TimeSeriesData: 
-0.29 -0.25 0.92  0.70  -0.33 -0.35
-0.30 -0.25 0.91  0.63  0.09  -0.14
-0.56 0.47  1.42  248.42  64.78 71.17
-0.56 0.69  0.57  47.58 -42.49  44.10
0.09  0.68  -0.07 68.52 -36.37  8.77
0.02  0.91  -0.27 4.45  2.52  5.70
0.04  0.98  -0.23 -5.22 1.96  -3.48
0.04  1.00  -0.21 -4.87 -1.17 -0.07
0.05  1.00  -0.20 -2.71 0.50  -2.71
0.03  0.99  -0.20 -0.56 3.01  1.60
0.05  1.00  -0.17 -0.97 2.59  -2.50
0.05  0.99  -0.19 -1.25 1.41  -0.28
************TIME_SERIES************
ClassID: 3
TimeSeriesLength: 12
TimeSeriesData: 
-0.28 -0.89 0.37  0.28  -1.37 11.76
-0.39 -0.90 0.33  -2.85 14.76 13.22
-0.21 -0.88 0.22  -18.78  24.29 -11.41
-0.23 -1.02 0.24  -35.13  -34.21  -96.28
-0.25 -1.14 0.17  22.75 -34.63  30.75
-0.07 -1.04 0.12  42.37 35.36 131.55
-0.07 -0.90 0.18  -19.90  -4.16 -93.63
-0.25 -1.09 0.20  -8.56 4.68  -77.08
-0.23 -1.03 0.19  8.00  -14.31  31.03
-0.11 -1.08 0.22  24.28 -3.11 125.84
-0.10 -0.82 0.19  -6.68 -5.06 -44.73
-0.19 -1.15 0.24  -21.22  9.89  -115.48
************TIME_SERIES************
ClassID: 3
TimeSeriesLength: 11
TimeSeriesData: 
-0.14 -0.98 0.20  -2.57 1.13  4.94
-0.11 -1.00 0.20  2.09  -2.97 6.47
-0.11 -0.98 0.19  -1.04 6.35  -7.93
-0.19 -0.92 0.20  -14.61  -9.72 -40.14
-0.28 -1.11 0.22  25.74 -13.55  99.13
-0.15 -0.81 0.19  8.21  -11.46  45.29
-0.14 -0.95 0.20  -20.38  6.21  -87.03
-0.22 -1.10 0.22  -13.84  14.28 -79.65
-0.22 -0.98 0.17  0.77  -27.04  25.74
-0.10 -1.16 0.19  15.86 22.49 110.12
-0.02 -0.76 0.11  4.66  1.62  -1.39
************TIME_SERIES************
ClassID: 3
TimeSeriesLength: 12
TimeSeriesData: 
-0.14 -0.97 0.19  3.41  4.82  -1.67
-0.13 -0.95 0.19  -5.98 -8.68 -15.10
-0.27 -1.02 0.24  -4.17 -1.93 4.17
-0.28 -1.21 0.21  37.57 -2.63 135.51
-0.15 -0.68 0.15  -8.49 -15.43  -2.16
-0.15 -1.12 0.21  -35.76  21.93 -134.68
-0.23 -1.04 0.21  -7.51 12.68 -51.48
-0.23 -1.02 0.18  8.35  -22.38  53.43
-0.07 -1.04 0.15  27.34 -7.29 137.95
-0.15 -0.80 0.16  -11.69  -8.40 -40.63
-0.20 -1.17 0.20  -24.70  7.18  -120.14
-0.26 -0.99 0.20  -3.20 4.68  -29.15
************TIME_SERIES************
ClassID: 3
TimeSeriesLength: 12
TimeSeriesData: 
-0.07 -0.98 0.19  0.90  1.96  0.49
-0.13 -0.95 0.19  -9.88 -27.88  -11.20
-0.41 -1.16 0.20  3.48  -31.22  74.37
-0.13 -0.86 0.12  25.25 -10.42  100.87
-0.24 -0.83 0.20  -24.49  -14.87  -93.63
-0.23 -1.16 0.26  -21.84  -5.83 -110.47
-0.27 -0.98 0.18  7.79  -11.32  15.03
-0.23 -1.25 0.20  20.66 14.07 139.48
-0.08 -0.79 0.15  1.81  -7.71 24.00
-0.14 -1.05 0.17  -23.37  3.08  -119.10
-0.17 -1.05 0.22  -9.39 13.30 -64.14
-0.23 -1.06 0.17  5.84  -19.46  63.23
************TIME_SERIES************
ClassID: 3
TimeSeriesLength: 12
TimeSeriesData: 
-0.04 -0.98 0.18  -0.83 -2.49 -1.32
-0.09 -0.95 0.18  -4.17 -15.22  -6.26
-0.44 -1.11 0.22  0.90  -30.73  47.58
-0.16 -0.87 0.14  25.53 -14.24  114.43
-0.21 -0.74 0.18  -19.34  -19.32  -78.54
-0.23 -1.25 0.22  -31.23  15.25 -137.53
-0.33 -0.99 0.18  3.06  1.83  -16.14
-0.19 -1.25 0.19  27.20 7.60  139.76
-0.10 -0.73 0.15  13.36 2.80  75.62
-0.18 -1.09 0.19  -24.28  7.25  -144.21
-0.23 -1.14 0.20  -12.94  11.77 -85.63
-0.31 -1.01 0.14  7.23  3.91  45.70
************TIME_SERIES************
ClassID: 3
TimeSeriesLength: 12
TimeSeriesData: 
-0.48 -1.35 0.19  15.17 -7.91 155.20
-0.09 -0.62 0.16  8.14  -33.72  84.59
-0.26 -0.90 0.22  -21.22  -11.81  -153.32
-0.27 -1.29 0.26  -13.36  12.75 -135.58
-0.21 -0.93 0.17  1.74  -17.86  4.52
-0.22 -1.23 0.22  5.98  -38.45  122.71
-0.25 -0.87 0.19  17.81 1.83  116.03
-0.36 -0.75 0.22  -2.71 -6.45 -75.41
-0.25 -1.11 0.24  -13.77  13.23 -113.11
-0.19 -1.02 0.22  1.60  8.57  -42.09
-0.05 -0.97 0.17  0.21  -0.68 34.09
-0.30 -1.16 0.24  0.28  -17.10  109.57
************TIME_SERIES************
ClassID: 3
TimeSeriesLength: 12
TimeSeriesData: 
-0.62 -0.69 0.24  9.11  5.23  22.05
-0.22 -0.80 0.18  -3.90 3.84  -85.63
-0.24 -1.24 0.28  -13.36  3.98  -112.49
-0.29 -0.92 0.15  -1.74 -10.00  -10.23
-0.25 -1.32 0.25  6.05  24.16 145.18
-0.07 -0.77 0.15  9.18  -6.66 86.26
-0.27 -0.91 0.15  -10.85  -2.84 -109.57
-0.26 -1.18 0.24  -3.06 7.11  -101.22
-0.25 -0.97 0.14  7.44  4.75  -5.91
-0.21 -1.22 0.22  -6.68 -10.84  129.25
-0.19 -0.75 0.17  11.55 -10.00  66.92
-0.34 -0.74 0.19  -10.71  -3.25 -64.90
************TIME_SERIES************
ClassID: 3
TimeSeriesLength: 12
TimeSeriesData: 
-0.08 -0.99 0.19  -1.32 -3.53 3.97
-0.36 -1.02 0.19  -2.85 -18.84  46.89
-0.40 -1.07 0.21  12.24 14.07 145.18
-0.28 -0.65 0.20  6.26  -13.20  -59.90
-0.31 -1.10 0.26  -12.52  1.69  -163.83
-0.29 -1.07 0.23  1.46  27.63 -73.39
-0.22 -1.01 0.16  -4.03 -18.49  69.43
-0.23 -1.25 0.27  17.60 10.38 180.87
-0.24 -0.64 0.17  -1.25 -11.11  -5.01
-0.27 -1.10 0.23  -20.87  -15.36  -142.96
-0.22 -1.08 0.23  -0.21 21.09 -83.55
-0.21 -1.00 0.13  0.77  -15.91  49.81
************TIME_SERIES************
ClassID: 3
TimeSeriesLength: 12
TimeSeriesData: 
-0.13 -0.95 0.17  -5.84 -5.34 -5.70
-0.61 -1.22 0.17  -8.07 -41.24  109.91
-0.21 -0.83 0.15  9.18  -45.34  129.25
-0.36 -0.71 0.16  -16.49  -10.14  -110.40
-0.25 -1.32 0.24  -17.46  13.16 -166.82
-0.32 -0.96 0.16  1.46  2.03  0.14
-0.23 -1.32 0.24  22.82 -12.51  148.87
-0.13 -0.79 0.16  13.15 -4.64 79.17
-0.23 -0.94 0.20  -20.52  -8.89 -117.22
-0.23 -1.17 0.24  -20.38  19.91 -108.94
-0.23 -0.96 0.15  3.34  -4.78 7.86
-0.20 -1.12 0.22  7.51  -10.07  97.39
************TIME_SERIES************
ClassID: 3
TimeSeriesLength: 12
TimeSeriesData: 
0.05  -0.97 0.20  0.35  -0.54 1.53
-0.08 -0.93 0.17  -1.60 -17.65  2.57
-0.35 -1.22 0.26  13.57 2.10  135.65
-0.26 -0.86 0.21  14.54 -1.31 109.91
-0.36 -0.68 0.23  -8.00 -21.27  -69.91
-0.22 -1.21 0.32  -25.60  15.04 -152.97
-0.21 -0.97 0.20  -3.62 3.08  -48.70
-0.21 -1.10 0.24  1.53  -12.85  89.39
-0.22 -1.09 0.25  22.26 3.15  135.86
-0.45 -0.64 0.22  -3.62 -5.97 14.47
-0.73 -0.65 0.27  2.71  -1.72 -5.57
-0.68 -0.68 0.28  0.63  0.85  -2.50
************TIME_SERIES************
ClassID: 3
TimeSeriesLength: 12
TimeSeriesData: 
-0.41 -0.72 0.28  -1.60 -3.74 -46.19
-0.21 -1.11 0.31  -17.74  -8.26 -130.09
-0.28 -1.03 0.18  -3.06 -4.30 -73.11
-0.22 -1.04 0.21  -12.10  -18.56  84.66
-0.14 -1.31 0.28  43.13 6.28  187.41
-0.28 -0.61 0.19  -6.26 -8.54 -33.74
-0.25 -1.04 0.28  -29.63  -3.74 -145.53
-0.18 -1.10 0.27  5.77  11.77 -96.70
-0.21 -0.97 0.17  -0.21 -4.57 47.58
-0.23 -1.31 0.28  12.45 19.15 165.84
-0.30 -0.71 0.22  -0.14 -3.74 37.50
-0.68 -0.70 0.28  -3.41 -6.87 -9.46
************TIME_SERIES************
ClassID: 3
TimeSeriesLength: 12
TimeSeriesData: 
-0.32 -0.74 0.28  2.57  -4.99 -37.43
-0.09 -1.16 0.32  -12.38  -11.18  -151.10
-0.26 -0.96 0.17  -5.15 21.44 -24.63
-0.19 -1.12 0.25  -6.33 -4.30 107.83
-0.25 -1.17 0.26  18.43 -20.64  160.21
-0.28 -0.71 0.20  -9.81 18.10 -64.07
-0.17 -1.24 0.29  -17.81  8.23  -159.10
-0.33 -0.97 0.17  -1.60 3.36  -34.16
-0.23 -1.22 0.25  -1.25 -11.04  129.67
-0.18 -0.96 0.24  22.12 -2.63 124.80
-0.57 -0.69 0.28  -3.13 0.29  -12.31
-0.70 -0.68 0.29  1.18  0.16  -7.93
************TIME_SERIES************
ClassID: 3
TimeSeriesLength: 12
TimeSeriesData: 
-0.46 -0.71 0.26  1.67  9.96  -15.58
-0.03 -1.23 0.28  -12.10  3.22  -142.61
-0.38 -1.07 0.13  -11.90  33.83 -111.65
-0.18 -1.03 0.23  -1.81 0.71  103.51
-0.10 -1.38 0.26  24.97 -10.28  225.04
-0.27 -0.68 0.18  -6.89 -9.17 -67.06
-0.21 -1.28 0.31  -29.43  -4.37 -185.39
-0.20 -0.99 0.20  1.32  16.02 -57.46
-0.22 -1.18 0.24  -1.39 -10.97  113.32
-0.07 -1.07 0.26  15.44 -1.31 143.58
-0.51 -0.73 0.24  -4.24 -7.64 -16.14
-0.63 -0.73 0.29  2.85  0.36  -4.59
************TIME_SERIES************
ClassID: 3
TimeSeriesLength: 12
TimeSeriesData: 
-0.43 -0.79 0.30  2.37  -0.89 -22.82
-0.08 -1.05 0.26  -19.06  -13.34  -141.22
-0.26 -0.98 0.21  -7.30 22.63 -42.37
-0.23 -1.12 0.24  4.94  4.26  103.44
-0.11 -1.26 0.27  20.87 -0.47 202.43
-0.21 -0.68 0.20  -3.83 -7.43 -66.92
-0.21 -1.34 0.29  -27.62  15.88 -185.88
-0.36 -0.96 0.17  1.88  4.26  -17.39
-0.21 -1.27 0.23  9.32  -24.33  149.63
-0.09 -0.71 0.17  10.92 -0.82 81.25
-0.24 -0.84 0.23  -18.43  -7.50 -111.72
-0.26 -1.22 0.27  -9.53 31.32 -115.55
************TIME_SERIES************
ClassID: 3
TimeSeriesLength: 12
TimeSeriesData: 
-0.37 -1.04 0.20  -13.01  20.40 47.93
-0.34 -1.05 0.19  0.14  -17.86  169.95
-0.26 -0.67 0.19  -4.03 -13.69  -63.17
-0.23 -1.30 0.29  -17.53  14.28 -169.81
-0.35 -0.98 0.17  1.46  10.38 -34.37
-0.25 -1.20 0.22  -6.82 -8.96 131.13
-0.08 -0.75 0.18  10.02 -1.58 90.64
-0.22 -0.81 0.21  -15.86  -7.15 -113.25
-0.19 -1.30 0.28  -14.75  34.45 -154.71
-0.25 -0.94 0.17  5.98  -3.74 21.50
-0.17 -1.23 0.22  -0.28 -29.13  138.23
-0.07 -0.80 0.22  12.24 2.59  81.25
************TIME_SERIES************
ClassID: 3
TimeSeriesLength: 12
TimeSeriesData: 
-0.11 -0.98 0.24  -6.40 3.63  -105.88
-0.27 -1.11 0.20  0.56  19.77 -103.17
-0.24 -0.98 0.19  -10.30  -6.45 78.26
-0.16 -1.27 0.28  23.37 -10.70  182.05
-0.28 -0.72 0.21  -12.87  -8.12 -40.00
-0.23 -1.12 0.27  -26.57  1.55  -146.64
-0.15 -1.04 0.22  9.81  24.43 -87.65
-0.24 -0.96 0.14  -4.31 -4.85 57.67
-0.14 -1.37 0.34  20.38 -23.84  186.23
-0.27 -0.69 0.17  11.97 -7.29 12.45
-0.67 -0.74 0.30  1.60  10.38 -26.16
-0.54 -0.79 0.28  4.31  12.40 1.95
************TIME_SERIES************
ClassID: 3
TimeSeriesLength: 12
TimeSeriesData: 
-0.19 -0.89 0.20  -5.91 -4.30 -86.68
-0.12 -1.17 0.25  -13.84  14.00 -141.08
-0.39 -1.00 0.13  -3.69 -24.54  35.69
-0.04 -1.32 0.25  43.34 -3.60 196.10
-0.13 -0.65 0.16  5.22  2.59  10.85
-0.17 -1.25 0.23  -24.07  -3.18 -162.50
-0.21 -1.09 0.19  -4.80 40.50 -102.68
-0.22 -1.01 0.16  2.23  -21.41  84.31
-0.20 -1.36 0.24  15.03 -32.82  184.00
-0.16 -0.64 0.17  4.10  -12.02  -14.12
-0.18 -1.20 0.26  -26.02  12.89 -154.99
-0.26 -1.04 0.18  -0.77 32.57 -58.23
************TIME_SERIES************
ClassID: 3
TimeSeriesLength: 12
TimeSeriesData: 
-0.45 -0.80 0.26  0.77  2.52  -0.42
-0.14 -0.92 0.23  -11.48  1.96  -76.45
-0.05 -1.20 0.28  6.33  31.95 -156.17
-0.17 -0.92 0.17  -5.22 5.65  19.97
-0.09 -1.24 0.28  -9.81 -5.97 139.90
-0.05 -0.82 0.19  12.45 -7.08 74.92
-0.18 -1.02 0.22  -15.51  0.09  -115.13
-0.13 -1.14 0.29  3.90  53.10 -97.95
-0.24 -0.94 0.13  -1.18 -7.84 24.00
-0.16 -1.08 0.23  -20.73  -10.56  80.56
-0.14 -0.95 0.20  9.81  -17.44  86.40
-0.27 -0.86 0.18  -8.07 -10.35  -60.03
************TIME_SERIES************
ClassID: 3
TimeSeriesLength: 12
TimeSeriesData: 
-0.23 -0.96 0.16  -7.44 -25.79  -6.68
-0.24 -1.16 0.21  5.36  -11.32  129.25
-0.16 -0.59 0.17  6.96  -25.72  33.74
-0.27 -0.91 0.24  -15.23  -0.47 -110.82
-0.23 -1.20 0.25  -7.17 24.85 -119.72
-0.23 -0.96 0.17  -0.35 -6.31 11.62
-0.06 -1.16 0.23  4.73  -7.84 121.74
-0.23 -0.93 0.20  15.23 0.50  57.04
-0.49 -0.83 0.27  -2.78 -1.58 -10.16
-0.50 -0.84 0.26  0.97  -0.75 -3.62
-0.46 -0.84 0.25  0.63  -0.61 -0.83
-0.47 -0.84 0.26  -0.07 -1.24 0.49
************TIME_SERIES************
ClassID: 3
TimeSeriesLength: 12
TimeSeriesData: 
-0.45 -0.83 0.26  3.20  1.13  3.41
-0.07 -0.94 0.25  0.83  4.12  -73.60
-0.14 -1.13 0.27  -8.77 15.11 -120.00
-0.21 -0.96 0.18  -5.57 -8.05 42.71
-0.19 -1.30 0.31  13.84 -5.55 153.46
-0.19 -0.73 0.20  10.43 -3.81 61.57
-0.27 -0.85 0.24  -11.27  -6.80 -101.43
-0.22 -1.18 0.25  -10.50  15.04 -126.75
-0.09 -0.96 0.19  4.45  27.22 -1.18
0.13  -0.98 0.24  -1.25 0.09  18.37
0.06  -0.98 0.22  0.83  -0.47 0.63
0.04  -0.98 0.22  -0.07 1.83  0.90
************TIME_SERIES************
ClassID: 4
TimeSeriesLength: 12
TimeSeriesData: 
-0.27	0.84	0.51	1.74	-1.79	-1.18
-0.27	0.79	0.41	12.03	-9.58	7.86
-0.34	1.06	0.40	-11.83	37.37	58.09
0.01	1.15	0.70	75.97	17.34	134.12
0.53	0.46	0.24	78.12	-109.76	17.95
0.05	0.55	-0.17	-8.97	-103.08	-48.83
-0.57	0.82	-0.21	-108.66	-41.58	-28.03
-0.55	1.50	0.33	-93.57	113.62	14.54
-0.01	0.95	0.59	89.74	33.69	84.24
-0.05	0.76	-0.09	-0.49	5.37	2.02
-0.07	1.04	-0.00	-2.78	1.34	-1.53
-0.05	1.00	-0.03	-2.85	2.94	-0.90
************TIME_SERIES************
ClassID: 4
TimeSeriesLength: 12
TimeSeriesData: 
-0.22	0.88	0.44	0.28	0.43	3.97
-0.28	1.04	0.15	-32.35	-6.04	34.02
0.35	0.73	0.99	38.61	-59.39	160.77
0.66	0.35	0.32	61.70	-110.66	-39.93
-0.29	0.51	-0.19	-47.03	-101.83	-78.26
-0.63	1.34	0.29	-175.79	54.00	-21.50
-0.05	1.05	0.97	32.97	85.30	128.14
0.04	0.59	0.15	31.37	2.80	8.56
0.02	0.96	0.26	-8.97	11.56	1.46
-0.07	1.06	0.20	-5.57	8.57	-32.97
-0.14	1.00	0.22	2.99	-4.09	-6.96
-0.13	0.97	0.26	3.55	-3.81	1.46
************TIME_SERIES************
ClassID: 4
TimeSeriesLength: 12
TimeSeriesData: 
0.12	1.27	0.41	-24.42	-35.81	134.96
0.70	0.60	0.36	72.00	-110.38	39.10
0.26	0.39	-0.16	6.68	-117.69	-56.56
-0.35	0.79	-0.26	-106.37	-50.97	-51.55
-0.53	1.24	0.37	-98.78	90.80	24.90
0.09	1.11	0.63	68.10	69.37	102.96
0.29	0.74	0.15	65.74	-33.58	-9.60
0.08	0.89	-0.17	1.32	-4.02	1.60
0.16	1.01	-0.11	-0.77	4.19	-1.95
0.15	0.99	-0.10	1.74	2.52	-2.50
0.14	1.00	-0.09	1.81	-0.05	0.00
0.14	0.99	-0.11	0.83	0.57	1.18
************TIME_SERIES************
ClassID: 4
TimeSeriesLength: 12
TimeSeriesData: 
0.19	1.14	-0.17	1.25	-4.23	30.82
0.43	0.84	-0.06	40.56	-54.73	25.60
0.15	0.67	-0.28	-7.23	-94.31	-9.67
-0.20	0.84	-0.28	-57.11	-45.27	-2.57
-0.20	1.07	-0.03	-58.23	0.50	5.08
-0.16	1.22	0.37	-51.34	101.37	33.25
0.16	1.12	0.41	58.64	48.02	48.97
0.25	0.87	0.14	63.37	-11.18	11.69
0.10	0.84	-0.27	-3.48	3.50	4.38
0.16	0.99	-0.16	2.71	-0.54	-1.88
0.15	0.98	-0.17	1.11	0.50	0.14
0.17	0.98	-0.17	0.49	1.83	-0.49
************TIME_SERIES************
ClassID: 4
TimeSeriesLength: 12
TimeSeriesData: 
0.16	0.98	-0.16	1.81	0.29	0.70
0.18	0.99	-0.17	0.77	-0.26	-1.81
0.15	0.99	-0.16	1.81	1.48	-0.97
0.48	1.11	-0.16	24.14	-29.13	45.15
0.34	0.64	-0.17	-5.01	-89.03	16.49
-0.08	0.69	-0.22	-47.79	-69.48	-15.03
-0.24	1.13	-0.12	-91.55	14.76	-20.73
-0.15	1.24	0.38	-56.28	132.61	18.23
0.04	1.13	0.53	65.25	76.12	56.90
0.18	0.75	0.12	63.72	-15.43	-2.23
0.11	0.94	-0.21	-10.37	0.29	-0.63
0.09	1.00	-0.11	1.74	0.57	1.60
************TIME_SERIES************
ClassID: 4
TimeSeriesLength: 12
TimeSeriesData: 
0.31	1.25	-0.08	22.61	-24.96	55.86
0.32	0.73	-0.09	21.91	-68.30	13.77
-0.02	0.70	-0.27	-32.35	-87.91	-28.80
-0.32	0.95	-0.21	-82.09	-26.42	-11.69
-0.29	1.22	0.19	-88.00	97.34	35.48
0.19	1.20	0.52	67.97	72.30	49.74
0.05	0.71	-0.00	49.60	-0.40	-13.22
0.07	0.99	-0.13	-8.97	1.96	3.69
0.08	1.02	-0.08	-0.28	1.48	-1.81
0.05	1.00	-0.08	-0.83	1.96	-2.23
0.06	1.01	-0.08	-1.04	0.02	-1.67
0.05	1.00	-0.06	0.00	0.36	0.90
************TIME_SERIES************
ClassID: 4
TimeSeriesLength: 12
TimeSeriesData: 
0.06	1.02	-0.09	-0.97	2.45	2.09
0.30	1.04	0.04	31.72	-30.17	71.58
0.41	0.58	-0.13	11.06	-89.72	-2.43
-0.20	0.69	-0.19	-66.16	-72.75	-48.21
-0.43	1.28	0.07	-81.18	64.30	-7.51
-0.22	1.26	0.38	-19.41	90.10	54.82
0.17	0.99	0.28	80.77	12.19	47.58
-0.02	0.71	-0.13	21.36	0.71	-19.97
0.09	1.04	-0.13	-5.15	1.27	-6.68
0.07	1.00	-0.15	-1.18	0.99	4.24
0.04	0.99	-0.14	-0.14	0.23	-0.28
0.04	0.99	-0.13	-0.97	-0.82	1.46
************TIME_SERIES************
ClassID: 4
TimeSeriesLength: 12
TimeSeriesData: 
0.04	1.00	-0.11	-1.04	0.85	1.25
0.30	1.23	-0.05	22.68	-14.87	50.02
0.33	0.73	-0.12	16.56	-79.29	17.25
0.07	0.69	-0.26	-29.36	-79.91	-19.83
-0.28	0.87	-0.24	-64.90	-14.52	-40.56
-0.29	1.29	0.11	-82.23	95.88	-16.14
-0.08	1.34	0.45	8.21	92.68	15.93
0.08	0.92	0.17	46.19	6.07	23.86
0.01	0.79	-0.20	15.10	2.38	0.70
-0.03	1.00	-0.13	-6.89	0.23	-3.90
-0.01	1.00	-0.13	0.21	1.34	-2.09
-0.04	1.01	-0.11	-0.56	0.71	-1.04
************TIME_SERIES************
ClassID: 4
TimeSeriesLength: 12
TimeSeriesData: 
-0.01	1.00	-0.10	0.77	0.92	0.21
-0.00	0.99	-0.11	-1.04	-0.12	-0.14
-0.06	1.19	-0.17	-4.24	11.91	10.23
0.46	1.08	-0.11	45.91	-26.49	33.46
0.19	0.62	-0.20	4.03	-93.34	-0.97
-0.26	0.73	-0.24	-46.47	-63.29	-24.35
-0.48	1.12	0.06	-94.40	26.87	0.35
-0.25	1.27	0.25	-4.17	108.54	12.94
-0.01	1.08	0.26	65.67	55.81	46.33
0.00	0.73	-0.13	22.54	-2.35	2.02
-0.00	1.00	-0.18	-9.25	1.13	-0.83
-0.03	1.00	-0.15	-1.88	2.03	-3.48
************TIME_SERIES************
ClassID: 4
TimeSeriesLength: 12
TimeSeriesData: 
-0.04	1.00	-0.15	-0.42	0.43	-0.35
-0.05	1.00	-0.15	-0.56	-1.86	-1.04
-0.05	1.02	-0.14	0.97	1.41	0.56
0.17	1.17	-0.14	25.46	-2.84	44.80
0.33	0.75	-0.16	19.55	-71.15	19.27
-0.14	0.70	-0.17	-20.94	-87.64	-26.50
-0.47	0.97	-0.24	-79.93	-11.11	-13.91
-0.39	1.37	0.32	-69.36	89.76	25.53
-0.00	1.14	0.31	75.20	60.26	54.54
0.05	0.72	-0.10	30.33	2.38	11.90
0.01	1.00	-0.16	-5.57	2.59	-8.14
-0.01	1.00	-0.13	-3.06	1.20	-1.32
************TIME_SERIES************
ClassID: 4
TimeSeriesLength: 12
TimeSeriesData: 
0.00	1.00	-0.12	-0.21	-1.17	1.11
0.00	1.00	-0.13	0.77	-0.40	0.56
0.00	1.00	-0.12	-0.56	0.02	-0.90
-0.05	1.13	-0.19	0.49	7.60	0.70
0.39	1.07	-0.03	45.50	-43.46	57.11
0.24	0.59	-0.24	10.09	-94.66	22.33
-0.15	0.64	-0.23	-42.71	-58.90	-40.07
-0.52	1.11	-0.02	-100.31	46.14	-48.97
-0.29	1.43	0.40	-46.12	91.63	44.38
0.00	1.00	0.31	75.27	52.40	56.42
0.00	0.73	-0.12	28.38	-1.03	-2.43
0.01	1.01	-0.17	-6.19	-0.54	-6.40
************TIME_SERIES************
ClassID: 4
TimeSeriesLength: 12
TimeSeriesData: 
0.00	1.00	-0.13	0.00	-1.79	-0.35
0.00	1.00	-0.13	-1.32	1.13	0.00
0.14	1.29	-0.12	21.91	-5.20	54.40
0.36	0.78	-0.14	35.41	-61.62	24.14
0.05	0.68	-0.31	-6.26	-84.23	-2.64
-0.26	0.80	-0.22	-68.52	-31.01	-46.82
-0.54	1.13	-0.03	-98.78	65.34	-28.31
-0.32	1.27	0.39	16.56	100.75	45.77
0.13	0.81	0.09	53.29	15.95	21.36
-0.01	0.92	-0.23	-4.59	6.90	7.51
-0.00	1.00	-0.13	-7.93	-1.72	-3.06
-0.02	1.00	-0.12	-0.63	0.64	-0.56
************TIME_SERIES************
ClassID: 4
TimeSeriesLength: 12
TimeSeriesData: 
0.00	1.00	-0.10	0.21	1.83	-0.42
-0.09	1.16	-0.20	-5.84	11.15	16.42
0.46	0.91	0.01	46.12	-47.91	46.61
0.18	0.65	-0.24	9.11	-96.33	-0.63
-0.21	0.82	-0.32	-41.46	-44.71	-44.31
-0.36	1.04	-0.09	-104.14	26.17	-34.85
-0.37	1.17	0.32	-50.50	85.44	31.72
-0.11	1.11	0.33	41.11	65.62	40.35
0.11	0.84	-0.01	45.91	1.69	10.50
-0.02	0.96	-0.19	-3.90	-1.44	0.42
-0.05	1.00	-0.13	1.74	0.85	-0.35
-0.03	1.01	-0.12	-2.02	0.57	-1.53
************TIME_SERIES************
ClassID: 4
TimeSeriesLength: 12
TimeSeriesData: 
-0.00	1.00	-0.10	0.90	0.02	0.77
-0.01	1.00	-0.10	0.42	1.48	-0.70
0.18	1.27	-0.09	22.47	-13.97	51.34
0.38	0.80	-0.11	17.39	-66.70	34.23
0.02	0.57	-0.24	0.42	-82.84	-11.20
-0.39	0.89	-0.24	-88.07	-44.09	-28.87
-0.57	1.28	0.15	-105.53	108.75	-11.90
-0.23	1.30	0.61	29.77	114.24	23.44
0.09	0.89	0.10	67.13	-21.90	49.25
-0.07	0.81	-0.25	9.81	-4.37	4.38
0.00	1.03	-0.18	-11.55	1.62	0.42
-0.04	1.00	-0.17	-1.39	2.38	-1.04
************TIME_SERIES************
ClassID: 4
TimeSeriesLength: 12
TimeSeriesData: 
-0.01	1.00	-0.13	1.46	0.16	0.35
-0.01	0.99	-0.15	-0.70	0.99	-1.32
0.15	1.33	-0.04	5.91	-7.91	61.57
0.38	0.70	-0.18	21.84	-82.97	34.71
0.07	0.64	-0.26	-19.55	-97.65	-5.50
-0.36	0.89	-0.29	-71.86	-33.10	-16.70
-0.41	1.22	-0.00	-91.55	97.96	-40.90
-0.21	1.23	0.43	32.63	102.97	55.72
0.12	0.96	0.20	58.50	9.83	22.96
-0.04	0.84	-0.24	-0.77	-0.47	2.16
-0.01	1.02	-0.14	-7.23	1.20	-5.29
0.01	1.00	-0.14	-1.53	1.96	0.21
************TIME_SERIES************
ClassID: 4
TimeSeriesLength: 13
TimeSeriesData: 
0.00	1.00	-0.13	-1.39	2.31	-1.39
0.00	1.00	-0.12	-0.70	-0.75	-1.46
0.00	1.00	-0.11	-2.37	1.62	0.28
0.07	1.29	-0.09	11.69	-16.89	56.07
0.32	0.85	-0.08	35.76	-68.51	27.27
0.07	0.68	-0.33	-2.37	-71.08	-4.52
-0.27	0.86	-0.27	-30.12	-45.55	-37.63
-0.57	1.00	-0.23	-81.67	53.72	-45.15
-0.43	1.26	0.32	-68.31	102.56	39.79
-0.05	1.06	0.22	53.91	23.18	48.77
0.02	0.74	-0.13	34.50	-16.82	5.91
-0.04	1.00	-0.23	-5.91	3.91	0.83
0.00	1.00	-0.15	-0.83	2.17	-3.41
************TIME_SERIES************
ClassID: 4
TimeSeriesLength: 12
TimeSeriesData: 
0.00	0.99	-0.15	-0.56	0.50	-0.07
-0.04	1.19	-0.23	-7.23	17.34	9.25
0.33	0.87	0.00	29.08	-57.86	50.57
0.19	0.73	-0.28	2.99	-76.92	2.43
-0.14	0.68	-0.33	-31.79	-43.39	-35.90
-0.43	1.13	-0.11	-80.56	35.29	-44.31
-0.24	1.34	0.28	-34.57	90.59	22.26
-0.00	1.07	0.17	50.71	17.20	45.01
-0.10	0.76	-0.10	23.93	-6.24	-9.67
-0.01	1.01	-0.20	-2.30	1.83	-6.40
-0.05	0.99	-0.17	-1.11	1.76	1.39
-0.04	1.00	-0.16	-0.07	0.57	-0.97
************TIME_SERIES************
ClassID: 4
TimeSeriesLength: 12
TimeSeriesData: 
-0.03	1.00	-0.13	0.56	-0.33	-0.70
-0.03	1.00	-0.13	0.14	2.03	-1.25
-0.05	1.02	-0.15	-1.81	1.20	1.04
0.15	1.36	-0.06	42.85	-4.85	63.86
0.28	0.66	-0.27	20.87	-80.40	55.03
0.12	0.69	-0.33	-39.30	-84.44	3.06
-0.26	0.81	-0.29	-92.87	-10.70	3.41
-0.14	1.31	0.28	-88.90	139.91	-46.75
-0.13	1.27	0.45	3.06	120.64	-2.23
0.11	1.03	0.17	77.22	17.96	44.80
0.20	0.76	-0.22	38.40	-42.49	-0.56
-0.14	0.80	-0.38	-3.48	-15.64	-4.73
************TIME_SERIES************
ClassID: 4
TimeSeriesLength: 12
TimeSeriesData: 
0.07	1.00	-0.24	-7.65	-0.47	-2.23
0.03	0.97	-0.26	-2.50	1.13	2.09
0.03	1.20	-0.24	-1.53	6.63	25.67
0.38	0.83	-0.12	35.83	-56.96	30.26
0.01	0.67	-0.34	-4.03	-90.28	4.73
-0.45	0.83	-0.20	-67.27	-46.31	-3.27
-0.50	1.25	0.03	-102.54	75.98	0.07
0.00	1.31	0.46	13.36	93.23	55.10
0.19	0.92	0.11	59.34	-2.00	17.95
-0.11	0.84	-0.18	3.97	1.41	11.48
-0.05	1.00	-0.12	-2.02	1.34	-2.50
-0.01	1.00	-0.12	-1.53	-0.12	-2.23
************TIME_SERIES************
ClassID: 4
TimeSeriesLength: 12
TimeSeriesData: 
0.00	1.00	-0.10	-2.71	6.21	-0.14
0.21	1.25	0.00	24.77	-21.20	66.43
0.31	0.74	-0.13	25.39	-88.75	11.55
-0.21	0.70	-0.19	-14.40	-78.24	-10.43
-0.34	1.09	-0.11	-98.43	-0.12	5.84
-0.30	1.29	0.16	-18.37	115.49	8.77
0.11	1.21	0.34	60.17	71.11	46.54
0.20	0.85	-0.01	41.11	-20.85	9.46
0.00	0.92	-0.22	-6.33	3.43	6.75
-0.03	1.00	-0.17	-4.87	0.50	-5.70
-0.00	1.00	-0.16	0.07	2.31	-2.57
-0.01	1.00	-0.15	-0.77	0.50	2.09

