GRT_LABELLED_TIME_SERIES_CLASSIFICATION_DATA_FILE_V1.0
DatasetName: GloveData
InfoText: This data contains gesture data
NumDimensions: 6
TotalNumTrainingExamples: 20
NumberOfClasses: 2
ClassIDsAndCounters: 
1 10
2 10
UseExternalRanges: 0
LabelledTimeSeriesTrainingData:
************TIME_SERIES************
ClassID: 1
TimeSeriesLength: 12
TimeSeriesData: 
-0.41	0.24	0.91	-0.83	0.16	-0.14
-0.39	0.24	0.90	-1.67	1.83	-1.25
-0.42	0.46	0.94	0.77	-13.90	15.58
-0.62	0.40	1.04	-13.57	-15.22	175.86
0.17	-0.15	0.77	-18.92	6.70	138.64
0.37	-0.02	0.90	-13.50	-2.63	-10.78
0.26	0.10	0.97	-0.70	1.83	0.90
0.21	0.09	0.99	-2.16	7.46	2.23
0.21	0.08	0.96	-2.09	-0.40	-0.42
0.22	0.09	0.97	1.95	-1.65	1.11
0.23	0.08	0.96	-2.02	-0.47	0.14
0.23	0.07	0.96	-0.77	0.43	-2.43
************TIME_SERIES************
ClassID: 1
TimeSeriesLength: 12
TimeSeriesData: 
-0.64	-0.02	0.96	-19.69	81.96	-11.34
-1.45	-0.19	0.28	-119.79	-150.10	342.82
0.00	-0.18	0.77	-107.83	-53.06	248.97
0.52	-0.16	0.87	-7.30	5.03	2.43
0.23	0.03	0.99	-0.70	0.99	-4.59
0.20	0.00	0.99	1.39	2.38	-0.14
0.20	0.03	0.98	0.14	-0.89	1.39
0.21	0.02	0.95	0.14	1.34	-3.06
0.19	0.03	0.98	-2.37	0.71	2.09
0.15	0.01	0.99	1.11	0.57	1.39
0.16	0.02	0.98	0.83	0.23	-1.04
0.17	0.01	0.99	0.56	-0.33	-0.35
************TIME_SERIES************
ClassID: 1
TimeSeriesLength: 12
TimeSeriesData: 
-0.45	-0.04	0.90	-3.34	-2.42	-0.07
-0.66	0.30	1.08	57.67	-24.19	85.98
-0.50	-0.00	0.78	-65.18	-19.25	253.98
0.43	-0.11	0.83	-8.77	6.90	89.74
0.07	0.13	0.96	-7.65	-1.17	-7.10
0.07	0.10	1.01	5.50	3.22	0.90
0.07	0.13	0.99	0.14	1.13	-0.70
0.08	0.11	0.99	-0.21	-1.24	-0.35
0.09	0.10	0.99	-0.90	0.92	0.97
0.07	0.10	0.99	0.70	0.50	0.97
0.07	0.09	0.99	0.07	0.43	0.63
0.08	0.09	1.00	-0.70	1.27	-2.43
************TIME_SERIES************
ClassID: 1
TimeSeriesLength: 12
TimeSeriesData: 
-0.44	-0.05	0.88	-1.04	-3.67	-0.21
-0.46	-0.07	0.88	1.67	-2.00	0.21
-0.70	0.21	1.33	-11.76	15.32	-5.36
-0.57	-0.09	0.70	-38.33	-5.20	230.89
0.26	-0.10	0.85	-58.71	-20.09	125.22
0.14	0.06	0.93	3.48	2.31	-5.01
0.16	0.03	1.01	-3.41	-0.75	-0.97
0.15	0.04	0.97	-4.17	2.17	1.67
0.12	0.03	0.98	-3.41	5.10	2.02
0.11	0.02	1.00	4.03	0.92	-1.53
0.11	0.03	1.00	4.24	4.89	1.11
0.11	0.05	0.99	-0.14	1.20	1.88
************TIME_SERIES************
ClassID: 1
TimeSeriesLength: 12
TimeSeriesData: 
-0.48	-0.04	0.89	1.25	0.43	0.77
-0.49	-0.04	0.88	-0.35	0.78	-0.14
-1.23	-0.14	1.33	7.17	58.87	-1.25
-0.38	-0.02	0.67	-80.35	-14.04	276.31
0.43	0.05	0.84	-29.08	-16.19	52.17
0.09	0.22	0.94	0.00	0.43	-1.39
0.07	0.18	0.98	3.55	-0.61	2.09
0.06	0.19	0.99	-0.70	-1.03	-1.39
0.08	0.18	0.97	0.28	-1.10	0.21
0.09	0.18	0.98	-0.83	2.38	1.32
0.07	0.18	0.98	-1.11	1.90	0.70
0.06	0.18	0.99	-0.56	-0.75	-1.88
************TIME_SERIES************
ClassID: 1
TimeSeriesLength: 12
TimeSeriesData: 
-0.40	-0.04	0.96	-15.30	-0.40	-2.16
-0.86	0.04	0.79	54.68	59.50	232.97
-0.18	0.03	0.63	-124.24	-27.74	215.93
0.22	0.11	0.97	9.67	0.09	7.72
0.04	0.22	0.97	-4.52	2.66	-0.97
0.05	0.21	0.98	2.78	-1.79	1.25
0.05	0.20	0.99	-1.32	6.35	1.39
0.03	0.20	0.98	0.49	1.48	1.81
0.04	0.20	0.97	0.00	2.66	-0.97
0.03	0.21	1.01	1.39	-1.44	1.39
0.02	0.21	0.99	1.46	1.96	0.77
0.04	0.20	0.98	2.02	0.50	0.63
************TIME_SERIES************
ClassID: 1
TimeSeriesLength: 12
TimeSeriesData: 
-0.73	-0.09	1.42	29.50	74.66	4.94
-0.64	0.23	0.65	-60.31	-11.25	264.00
0.29	0.05	0.82	-32.97	-8.05	67.06
0.06	0.16	0.98	1.95	0.71	-0.28
0.01	0.17	1.00	1.18	0.85	0.14
0.03	0.18	0.97	1.11	0.09	-0.07
0.02	0.19	0.98	1.95	0.23	0.14
0.03	0.17	0.98	-1.53	1.06	0.49
0.03	0.18	0.98	0.42	0.92	1.67
0.02	0.18	0.99	-0.56	-0.61	-0.21
0.03	0.18	0.98	0.35	-0.05	0.14
0.03	0.18	0.97	0.14	0.50	0.21
************TIME_SERIES************
ClassID: 1
TimeSeriesLength: 12
TimeSeriesData: 
-0.43	-0.01	0.92	0.21	-1.51	0.28
-0.43	0.02	1.04	-11.41	40.78	-3.27
-0.75	0.25	1.01	58.92	-6.80	186.50
-0.10	0.05	0.63	-91.41	-13.27	194.16
0.25	0.14	0.98	4.10	4.68	9.60
0.07	0.24	0.98	-2.57	2.52	-5.29
0.07	0.23	0.98	2.37	-1.24	-0.56
0.05	0.24	0.98	0.28	0.50	1.74
0.05	0.24	0.97	1.81	0.36	1.67
0.05	0.24	0.97	1.18	0.78	0.21
0.05	0.24	0.98	-0.56	0.85	-0.49
0.05	0.25	0.97	1.04	-0.05	-0.83
************TIME_SERIES************
ClassID: 1
TimeSeriesLength: 12
TimeSeriesData: 
-0.43	0.04	0.89	-3.27	1.13	-0.49
-0.81	0.20	1.01	74.30	31.60	80.70
-0.46	0.23	0.53	-120.83	-6.94	227.55
0.34	0.04	0.87	-27.97	-11.39	78.26
0.07	0.20	0.95	4.31	-3.32	-2.64
0.08	0.21	0.98	0.56	4.47	-0.70
0.07	0.20	0.97	1.81	1.55	3.55
0.06	0.22	0.97	0.21	0.09	-1.04
0.09	0.21	0.97	1.67	0.02	-1.81
0.08	0.21	0.99	0.90	0.29	0.28
0.08	0.23	0.97	1.39	-0.19	0.28
0.08	0.23	0.97	-1.04	-0.19	0.42
************TIME_SERIES************
ClassID: 1
TimeSeriesLength: 12
TimeSeriesData: 
-0.68	0.09	1.47	37.36	55.81	27.48
-0.43	-0.01	0.47	-60.03	8.29	236.66
0.27	0.18	0.75	-41.11	-13.90	65.32
0.10	0.29	0.97	4.94	-0.89	-7.86
0.09	0.26	0.96	-0.56	1.55	-3.48
0.08	0.27	0.95	-0.28	2.45	1.39
0.07	0.25	0.95	3.06	0.64	-0.14
0.05	0.26	0.97	0.14	0.29	-0.63
0.07	0.26	0.95	1.39	0.36	-0.90
0.06	0.27	0.97	0.49	1.20	0.70
0.05	0.26	0.97	-0.07	-0.89	1.46
0.06	0.25	0.97	0.00	0.71	0.35
************TIME_SERIES************
ClassID: 2
TimeSeriesLength: 12
TimeSeriesData: 
-0.54	-0.09	1.13	11.41	21.03	7.58
-0.30	1.00	0.46	235.69	17.48	125.50
-0.08	0.55	0.44	-51.62	-103.64	79.58
0.02	0.71	0.19	-11.13	-17.79	-25.39
0.07	0.99	0.22	-12.24	-4.02	6.12
0.05	0.97	0.31	-7.37	-1.93	1.88
0.10	0.96	0.33	-2.16	-2.00	3.41
0.11	0.94	0.35	-6.75	-4.99	0.35
0.10	0.94	0.37	-1.46	-1.72	1.81
0.10	0.93	0.38	-4.10	-1.44	-1.25
0.13	0.94	0.38	-1.53	2.31	0.70
0.11	0.94	0.39	-1.95	-2.56	-0.42
************TIME_SERIES************
ClassID: 2
TimeSeriesLength: 12
TimeSeriesData: 
-0.60	0.07	1.29	-16.07	68.68	-4.80
-0.35	0.70	0.36	255.03	15.53	113.88
-0.16	0.50	0.33	-104.83	-141.34	77.57
0.11	0.88	0.35	9.18	6.90	-10.37
0.04	0.97	0.31	-5.91	-0.12	2.02
0.09	0.97	0.36	-3.90	4.75	-6.75
0.04	0.95	0.37	-1.81	-0.05	0.63
0.06	0.95	0.38	-5.22	-0.68	-0.42
0.04	0.94	0.38	-0.49	0.64	-1.53
0.07	0.95	0.38	-0.49	-2.00	0.90
0.05	0.94	0.39	-1.67	-0.61	1.60
0.06	0.93	0.40	-1.53	-2.97	1.32
************TIME_SERIES************
ClassID: 2
TimeSeriesLength: 12
TimeSeriesData: 
-0.64	0.16	1.51	80.14	94.90	29.01
0.06	0.96	-0.01	259.83	-69.27	113.18
0.04	0.57	0.88	-82.16	-110.66	35.41
0.13	1.01	0.31	-3.55	7.04	0.77
0.10	0.93	0.29	-4.59	-2.42	1.88
0.11	0.96	0.33	0.28	-3.95	1.11
0.13	0.94	0.33	-1.95	1.90	-0.83
0.11	0.93	0.38	-3.13	1.90	-3.97
0.09	0.95	0.39	-0.83	2.17	-2.78
0.09	0.94	0.39	0.42	-2.21	1.81
0.10	0.92	0.37	-1.25	-0.89	-0.14
0.09	0.93	0.40	-3.48	1.27	-0.49
************TIME_SERIES************
ClassID: 2
TimeSeriesLength: 12
TimeSeriesData: 
-0.37	1.05	0.38	294.68	-22.04	160.83
-0.04	0.30	0.71	-110.96	-124.09	43.48
0.03	0.86	0.38	5.77	11.49	-1.60
-0.06	0.96	0.36	-2.99	0.16	-0.83
-0.01	0.95	0.38	-6.33	1.41	2.64
0.01	0.95	0.39	-1.18	-0.05	2.02
0.02	0.94	0.39	-2.16	0.50	-0.21
0.01	0.93	0.40	0.07	1.76	-1.18
0.00	0.94	0.40	-0.35	-1.37	0.14
0.00	0.92	0.42	0.21	-1.37	0.77
0.00	0.93	0.42	-0.14	0.43	-1.25
0.01	0.94	0.40	1.25	1.55	-1.53
************TIME_SERIES************
ClassID: 2
TimeSeriesLength: 12
TimeSeriesData: 
-0.32	0.82	0.31	353.95	16.78	120.14
-0.16	0.14	0.88	-96.07	-176.61	67.97
0.14	1.00	0.21	4.73	5.72	1.39
-0.04	0.91	0.24	-5.84	-6.66	-5.22
-0.05	0.98	0.31	-7.44	-1.51	-7.44
-0.02	0.97	0.37	-1.11	-1.37	4.45
-0.04	0.94	0.37	3.76	-0.26	1.88
-0.03	0.98	0.33	-2.16	1.90	0.21
-0.01	0.97	0.35	0.49	1.27	0.77
-0.03	0.95	0.33	2.23	0.50	0.49
-0.01	0.96	0.33	-1.46	0.99	-0.77
0.00	0.96	0.34	-0.35	0.02	-0.83
************TIME_SERIES************
ClassID: 2
TimeSeriesLength: 12
TimeSeriesData: 
-0.86	0.46	1.22	218.50	6.90	102.33
-0.18	1.11	-0.06	73.60	-54.66	29.98
-0.09	0.65	0.47	-18.64	-24.75	-21.57
-0.01	0.95	0.30	-1.46	1.06	2.57
0.00	0.94	0.38	-7.17	-3.53	6.40
-0.02	0.93	0.41	-1.67	-2.35	2.92
0.00	0.93	0.42	-1.88	-1.44	2.09
-0.01	0.92	0.44	-0.35	-0.12	1.32
0.01	0.92	0.44	-1.74	0.50	0.07
0.00	0.93	0.42	-1.81	-1.03	1.81
0.02	0.91	0.43	-1.32	-0.47	0.07
0.01	0.91	0.45	-1.60	-1.58	-0.42
************TIME_SERIES************
ClassID: 2
TimeSeriesLength: 12
TimeSeriesData: 
-0.25	0.27	1.15	-34.23	108.47	-20.31
-0.21	1.05	0.05	273.88	-21.62	121.81
0.16	0.26	0.71	-82.30	-142.52	79.65
0.21	0.96	0.34	0.97	7.60	-10.09
0.08	0.93	0.35	-4.94	-4.99	3.34
0.12	0.93	0.38	1.53	-0.68	1.39
0.11	0.94	0.39	-0.07	2.31	-4.24
0.09	0.93	0.40	-1.11	-2.42	-0.70
0.09	0.92	0.39	-1.74	-0.82	0.35
0.07	0.93	0.40	-1.74	0.92	-0.83
0.07	0.92	0.40	-2.50	0.09	-0.07
0.07	0.93	0.42	-3.62	-1.31	1.67
************TIME_SERIES************
ClassID: 2
TimeSeriesLength: 12
TimeSeriesData: 
-0.34	0.92	0.67	240.63	-50.56	196.80
0.10	0.41	0.30	-60.45	-153.10	13.43
0.25	0.84	0.29	8.14	29.16	-23.79
0.09	0.91	0.28	-0.14	-12.09	8.28
0.12	0.98	0.33	-9.67	2.03	-7.44
0.12	0.93	0.37	-0.97	-3.18	5.98
0.14	0.92	0.38	-2.30	0.64	1.39
0.14	0.92	0.37	1.88	0.92	0.56
0.16	0.93	0.37	-1.74	-0.96	1.04
0.13	0.91	0.40	-1.11	-4.92	1.81
0.14	0.90	0.39	-2.64	3.08	-1.88
0.15	0.91	0.42	-0.90	0.09	-0.70
************TIME_SERIES************
ClassID: 2
TimeSeriesLength: 12
TimeSeriesData: 
-0.85 -0.14 0.49  0.49  0.99  -1.11
-1.41 0.54  0.50  162.78  -71.36  264.56
0.00  1.08  -0.01 -3.20 -64.61  113.53
0.23  0.73  0.23  9.67  -52.50  54.68
0.36  0.91  0.19  -15.23  -6.11 6.82
0.35  0.96  0.22  -4.17 -0.82 0.56
0.37  0.89  0.19  1.11  -3.81 -5.22
0.33  0.91  0.21  0.21  -2.14 -2.16
0.34  0.93  0.24  -2.71 -3.53 0.07
0.32  0.92  0.23  -1.25 -0.19 0.56
0.31  0.93  0.26  0.83  -0.96 3.90
0.32  0.91  0.26  -0.77 0.09  -1.25
************TIME_SERIES************
ClassID: 2
TimeSeriesLength: 12
TimeSeriesData: 
-0.74 -0.19 0.63  0.77  1.13  -0.28
-1.44 -0.10 0.95  107.13  64.36 73.18
-0.24 1.51  0.16  102.05  -113.10 138.43
0.09  0.15  0.61  -49.46  -106.21 21.43
0.18  1.02  0.11  -5.01 -15.29  23.17
0.23  1.00  0.18  -5.70 -7.77 3.83
0.21  0.95  0.17  0.14  5.30  0.28
0.24  0.96  0.21  -0.28 0.57  -0.07
0.24  0.96  0.21  -6.19 -2.90 1.60
0.23  0.95  0.20  -1.74 -0.96 2.50
0.25  0.94  0.23  -2.02 -4.99 7.37
0.25  0.96  0.25  -1.81 0.50  -0.90
