GRT_LABELLED_TIME_SERIES_CLASSIFICATION_DATA_FILE_V1.0
DatasetName: GloveData
InfoText: This data contains gesture data
NumDimensions: 6
TotalNumTrainingExamples: 70
NumberOfClasses: 2
ClassIDsAndCounters: 
1 40
2 30
UseExternalRanges: 0
LabelledTimeSeriesTrainingData:
************TIME_SERIES************
ClassID: 1
TimeSeriesLength: 12
TimeSeriesData: 
-0.41 0.24  0.91  -0.83 0.16  -0.14
-0.39 0.24  0.90  -1.67 1.83  -1.25
-0.42 0.46  0.94  0.77  -13.90  15.58
-0.62 0.40  1.04  -13.57  -15.22  175.86
0.17  -0.15 0.77  -18.92  6.70  138.64
0.37  -0.02 0.90  -13.50  -2.63 -10.78
0.26  0.10  0.97  -0.70 1.83  0.90
0.21  0.09  0.99  -2.16 7.46  2.23
0.21  0.08  0.96  -2.09 -0.40 -0.42
0.22  0.09  0.97  1.95  -1.65 1.11
0.23  0.08  0.96  -2.02 -0.47 0.14
0.23  0.07  0.96  -0.77 0.43  -2.43
************TIME_SERIES************
ClassID: 1
TimeSeriesLength: 12
TimeSeriesData: 
-0.64 -0.02 0.96  -19.69  81.96 -11.34
-1.45 -0.19 0.28  -119.79 -150.10 342.82
0.00  -0.18 0.77  -107.83 -53.06  248.97
0.52  -0.16 0.87  -7.30 5.03  2.43
0.23  0.03  0.99  -0.70 0.99  -4.59
0.20  0.00  0.99  1.39  2.38  -0.14
0.20  0.03  0.98  0.14  -0.89 1.39
0.21  0.02  0.95  0.14  1.34  -3.06
0.19  0.03  0.98  -2.37 0.71  2.09
0.15  0.01  0.99  1.11  0.57  1.39
0.16  0.02  0.98  0.83  0.23  -1.04
0.17  0.01  0.99  0.56  -0.33 -0.35
************TIME_SERIES************
ClassID: 1
TimeSeriesLength: 12
TimeSeriesData: 
-0.45 -0.04 0.90  -3.34 -2.42 -0.07
-0.66 0.30  1.08  57.67 -24.19  85.98
-0.50 -0.00 0.78  -65.18  -19.25  253.98
0.43  -0.11 0.83  -8.77 6.90  89.74
0.07  0.13  0.96  -7.65 -1.17 -7.10
0.07  0.10  1.01  5.50  3.22  0.90
0.07  0.13  0.99  0.14  1.13  -0.70
0.08  0.11  0.99  -0.21 -1.24 -0.35
0.09  0.10  0.99  -0.90 0.92  0.97
0.07  0.10  0.99  0.70  0.50  0.97
0.07  0.09  0.99  0.07  0.43  0.63
0.08  0.09  1.00  -0.70 1.27  -2.43
************TIME_SERIES************
ClassID: 1
TimeSeriesLength: 12
TimeSeriesData: 
-0.44 -0.05 0.88  -1.04 -3.67 -0.21
-0.46 -0.07 0.88  1.67  -2.00 0.21
-0.70 0.21  1.33  -11.76  15.32 -5.36
-0.57 -0.09 0.70  -38.33  -5.20 230.89
0.26  -0.10 0.85  -58.71  -20.09  125.22
0.14  0.06  0.93  3.48  2.31  -5.01
0.16  0.03  1.01  -3.41 -0.75 -0.97
0.15  0.04  0.97  -4.17 2.17  1.67
0.12  0.03  0.98  -3.41 5.10  2.02
0.11  0.02  1.00  4.03  0.92  -1.53
0.11  0.03  1.00  4.24  4.89  1.11
0.11  0.05  0.99  -0.14 1.20  1.88
************TIME_SERIES************
ClassID: 1
TimeSeriesLength: 12
TimeSeriesData: 
-0.48 -0.04 0.89  1.25  0.43  0.77
-0.49 -0.04 0.88  -0.35 0.78  -0.14
-1.23 -0.14 1.33  7.17  58.87 -1.25
-0.38 -0.02 0.67  -80.35  -14.04  276.31
0.43  0.05  0.84  -29.08  -16.19  52.17
0.09  0.22  0.94  0.00  0.43  -1.39
0.07  0.18  0.98  3.55  -0.61 2.09
0.06  0.19  0.99  -0.70 -1.03 -1.39
0.08  0.18  0.97  0.28  -1.10 0.21
0.09  0.18  0.98  -0.83 2.38  1.32
0.07  0.18  0.98  -1.11 1.90  0.70
0.06  0.18  0.99  -0.56 -0.75 -1.88
************TIME_SERIES************
ClassID: 1
TimeSeriesLength: 12
TimeSeriesData: 
-0.40 -0.04 0.96  -15.30  -0.40 -2.16
-0.86 0.04  0.79  54.68 59.50 232.97
-0.18 0.03  0.63  -124.24 -27.74  215.93
0.22  0.11  0.97  9.67  0.09  7.72
0.04  0.22  0.97  -4.52 2.66  -0.97
0.05  0.21  0.98  2.78  -1.79 1.25
0.05  0.20  0.99  -1.32 6.35  1.39
0.03  0.20  0.98  0.49  1.48  1.81
0.04  0.20  0.97  0.00  2.66  -0.97
0.03  0.21  1.01  1.39  -1.44 1.39
0.02  0.21  0.99  1.46  1.96  0.77
0.04  0.20  0.98  2.02  0.50  0.63
************TIME_SERIES************
ClassID: 1
TimeSeriesLength: 12
TimeSeriesData: 
-0.73 -0.09 1.42  29.50 74.66 4.94
-0.64 0.23  0.65  -60.31  -11.25  264.00
0.29  0.05  0.82  -32.97  -8.05 67.06
0.06  0.16  0.98  1.95  0.71  -0.28
0.01  0.17  1.00  1.18  0.85  0.14
0.03  0.18  0.97  1.11  0.09  -0.07
0.02  0.19  0.98  1.95  0.23  0.14
0.03  0.17  0.98  -1.53 1.06  0.49
0.03  0.18  0.98  0.42  0.92  1.67
0.02  0.18  0.99  -0.56 -0.61 -0.21
0.03  0.18  0.98  0.35  -0.05 0.14
0.03  0.18  0.97  0.14  0.50  0.21
************TIME_SERIES************
ClassID: 1
TimeSeriesLength: 12
TimeSeriesData: 
-0.43 -0.01 0.92  0.21  -1.51 0.28
-0.43 0.02  1.04  -11.41  40.78 -3.27
-0.75 0.25  1.01  58.92 -6.80 186.50
-0.10 0.05  0.63  -91.41  -13.27  194.16
0.25  0.14  0.98  4.10  4.68  9.60
0.07  0.24  0.98  -2.57 2.52  -5.29
0.07  0.23  0.98  2.37  -1.24 -0.56
0.05  0.24  0.98  0.28  0.50  1.74
0.05  0.24  0.97  1.81  0.36  1.67
0.05  0.24  0.97  1.18  0.78  0.21
0.05  0.24  0.98  -0.56 0.85  -0.49
0.05  0.25  0.97  1.04  -0.05 -0.83
************TIME_SERIES************
ClassID: 1
TimeSeriesLength: 12
TimeSeriesData: 
-0.43 0.04  0.89  -3.27 1.13  -0.49
-0.81 0.20  1.01  74.30 31.60 80.70
-0.46 0.23  0.53  -120.83 -6.94 227.55
0.34  0.04  0.87  -27.97  -11.39  78.26
0.07  0.20  0.95  4.31  -3.32 -2.64
0.08  0.21  0.98  0.56  4.47  -0.70
0.07  0.20  0.97  1.81  1.55  3.55
0.06  0.22  0.97  0.21  0.09  -1.04
0.09  0.21  0.97  1.67  0.02  -1.81
0.08  0.21  0.99  0.90  0.29  0.28
0.08  0.23  0.97  1.39  -0.19 0.28
0.08  0.23  0.97  -1.04 -0.19 0.42
************TIME_SERIES************
ClassID: 1
TimeSeriesLength: 12
TimeSeriesData: 
-0.68 0.09  1.47  37.36 55.81 27.48
-0.43 -0.01 0.47  -60.03  8.29  236.66
0.27  0.18  0.75  -41.11  -13.90  65.32
0.10  0.29  0.97  4.94  -0.89 -7.86
0.09  0.26  0.96  -0.56 1.55  -3.48
0.08  0.27  0.95  -0.28 2.45  1.39
0.07  0.25  0.95  3.06  0.64  -0.14
0.05  0.26  0.97  0.14  0.29  -0.63
0.07  0.26  0.95  1.39  0.36  -0.90
0.06  0.27  0.97  0.49  1.20  0.70
0.05  0.26  0.97  -0.07 -0.89 1.46
0.06  0.25  0.97  0.00  0.71  0.35
************TIME_SERIES************
ClassID: 1
TimeSeriesLength: 12
TimeSeriesData: 
-0.56 0.32  0.76  -0.63 -6.94 -0.21
-0.56 0.33  0.73  1.04  -0.05 -3.55
-0.96 0.89  1.10  13.57 -31.08  50.85
-0.55 0.34  0.62  -33.39  17.96 169.60
0.14  0.09  0.76  -87.03  29.37 146.23
0.29  -0.12 1.08  -21.01  16.92 12.80
0.00  0.06  0.98  7.58  -6.80 -0.42
0.02  0.05  1.00  4.17  3.77  4.24
0.03  0.05  1.00  -1.18 3.29  1.46
0.04  0.03  1.01  -3.97 -4.09 -2.64
0.04  0.02  0.98  -3.13 -6.45 -2.23
0.04  0.02  1.00  -0.14 -2.00 0.14
************TIME_SERIES************
ClassID: 1
TimeSeriesLength: 13
TimeSeriesData: 
-0.83 0.30  0.45  1.60  -1.17 0.00
-1.00 0.31  0.42  16.35 -12.02  4.59
-1.16 0.51  0.45  8.21  -85.97  189.01
-0.06 0.10  0.66  -113.18 -11.88  175.37
0.35  -0.04 0.93  -41.25  12.47 41.60
0.18  0.10  0.98  2.09  0.92  -5.57
0.16  0.10  0.95  -2.78 -0.54 2.99
0.19  0.09  0.97  -0.63 2.59  0.42
0.18  0.07  0.99  0.00  2.52  -0.35
0.19  0.07  0.98  -2.30 3.15  1.46
0.18  0.05  0.99  1.04  3.63  0.49
0.16  0.06  0.99  -1.74 2.17  0.21
0.15  0.05  0.98  0.56  -0.05 0.21
************TIME_SERIES************
ClassID: 1
TimeSeriesLength: 12
TimeSeriesData: 
-0.31 -0.87 0.38  1.11  2.31  2.37
-0.31 -0.88 0.40  6.12  9.89  4.38
-0.64 -0.84 0.92  105.11  29.65 102.26
-0.59 0.04  0.57  108.66  -55.84  198.19
0.14  0.04  0.76  -82.02  -19.11  146.23
0.30  -0.04 1.04  0.90  25.34 11.97
0.11  0.04  1.00  -5.15 5.16  -0.07
0.09  0.06  0.99  0.49  1.96  3.62
0.09  0.05  1.00  -0.90 3.56  1.88
0.07  0.05  0.99  1.39  2.94  4.45
0.10  0.05  0.99  -2.30 2.24  -0.83
0.10  0.05  0.99  -1.25 -1.72 -1.04
************TIME_SERIES************
ClassID: 1
TimeSeriesLength: 11
TimeSeriesData: 
-0.72 -1.45 0.39  39.65 -66.70  92.80
-0.63 -1.00 0.31  59.55 -142.80 143.23
-0.27 -0.07 0.50  100.59  -105.86 152.70
0.41  0.07  0.76  -10.37  -0.12 80.28
0.31  0.09  1.00  -2.50 8.78  -6.75
0.20  0.14  0.97  4.59  -0.54 2.37
0.24  0.16  0.96  -3.69 5.79  -2.30
0.23  0.13  0.95  1.53  0.02  1.67
0.22  0.13  0.97  0.14  -1.03 0.49
0.22  0.13  0.97  0.90  0.92  1.81
0.21  0.14  0.96  0.97  3.50  0.90
************TIME_SERIES************
ClassID: 1
TimeSeriesLength: 12
TimeSeriesData: 
-0.27 -1.12 0.49  28.87 7.32  24.49
-0.99 -1.36 0.43  55.65 -125.55 139.34
-0.42 -0.19 0.40  89.11 -158.59 155.06
0.25  -0.09 0.78  -3.27 -15.43  107.97
0.32  -0.04 1.01  -2.16 8.36  17.46
0.13  0.02  0.99  1.53  1.83  1.67
0.18  0.02  0.97  2.16  -1.31 1.46
0.18  0.03  0.99  -1.25 -0.96 -0.42
0.18  0.03  0.97  -0.21 2.10  0.28
0.17  0.02  0.99  2.09  -0.47 0.77
0.16  0.02  0.99  1.53  0.43  1.88
0.15  0.02  0.98  -0.35 -0.68 0.07
************TIME_SERIES************
ClassID: 1
TimeSeriesLength: 12
TimeSeriesData: 
-0.66 -1.20 0.56  53.50 0.16  14.40
-0.74 -0.80 0.39  113.18  -109.41 212.66
-0.08 -0.16 0.42  18.99 -99.74  143.65
0.32  -0.07 0.92  -12.24  2.59  68.24
0.17  -0.04 0.95  2.71  -1.03 -0.70
0.13  -0.01 1.01  5.22  1.90  0.70
0.14  -0.00 0.97  0.21  -0.33 0.07
0.15  -0.02 0.99  1.74  -0.54 2.30
0.13  -0.03 1.00  0.28  0.78  0.90
0.14  -0.02 1.00  -0.42 0.43  -0.49
0.14  -0.03 0.99  0.21  1.20  1.67
0.13  -0.04 0.98  0.63  -0.54 -0.07
************TIME_SERIES************
ClassID: 1
TimeSeriesLength: 12
TimeSeriesData: 
-0.18 -1.17 0.49  -1.04 52.96 21.50
-0.72 -1.03 0.01  92.31 -139.04 211.41
-0.21 -0.17 0.36  46.26 -169.86 145.46
0.25  -0.07 0.86  2.57  -18.49  66.85
0.16  0.07  0.97  -4.38 7.46  1.81
0.12  0.08  0.97  0.14  -1.24 -3.13
0.13  0.06  0.98  -0.21 1.27  0.70
0.13  0.08  0.99  -0.35 0.43  0.42
0.11  0.06  0.99  1.25  -0.75 0.14
0.13  0.07  0.99  -1.25 0.99  -0.42
0.11  0.06  0.99  1.25  -0.33 -0.42
0.10  0.06  0.99  0.77  -1.17 -0.49
************TIME_SERIES************
ClassID: 1
TimeSeriesLength: 12
TimeSeriesData: 
-0.98 -1.46 0.54  16.28 -109.76 58.50
-0.68 -0.95 0.20  133.57  -123.46 201.32
-0.09 -0.11 0.51  65.88 -116.99 169.11
0.34  -0.05 0.90  -16.63  -16.61  76.66
0.18  0.08  0.99  -4.17 8.09  0.42
0.16  0.07  0.97  3.90  -0.12 1.74
0.15  0.07  0.97  3.62  -0.40 -0.21
0.17  0.07  0.97  -3.69 0.57  -0.35
0.15  0.06  0.99  -0.21 -0.40 0.56
0.15  0.06  0.99  -1.11 -0.96 0.63
0.16  0.06  0.99  0.49  1.34  0.83
0.15  0.05  0.98  0.42  0.02  0.14
************TIME_SERIES************
ClassID: 1
TimeSeriesLength: 12
TimeSeriesData: 
-1.05 -1.63 0.48  -9.11 -19.81  146.37
-0.52 -0.45 0.11  128.97  -193.58 212.80
0.10  0.02  0.65  1.74  -58.56  104.14
0.27  0.01  0.99  -14.12  0.92  34.57
0.14  0.06  0.99  -0.70 0.43  -6.54
0.13  0.05  0.99  1.74  0.57  1.88
0.13  0.08  0.98  0.49  -0.19 -1.25
0.14  0.08  0.99  1.11  0.16  0.90
0.13  0.07  0.99  0.28  -0.19 0.97
0.14  0.08  0.98  0.07  0.71  -0.56
0.13  0.07  0.99  -0.14 -0.47 -0.07
0.13  0.07  0.98  0.00  0.16  -0.07
************TIME_SERIES************
ClassID: 1
TimeSeriesLength: 12
TimeSeriesData: 
-0.17 -0.98 0.14  0.42  -0.75 0.00
-0.43 -1.15 0.47  31.23 23.25 18.78
-0.88 -1.20 0.58  40.63 -77.13  165.43
-0.33 -0.16 0.35  92.03 -114.21 164.38
0.09  0.20  0.76  -21.50  -27.95  89.95
0.25  0.00  1.04  -12.87  -6.59 32.83
0.14  0.11  0.97  0.77  0.16  -0.70
0.13  0.12  0.98  2.57  0.43  1.18
0.13  0.13  0.97  -1.32 1.55  0.42
0.12  0.11  0.99  -0.14 0.02  1.18
0.13  0.10  0.98  -0.49 0.02  0.42
0.12  0.10  0.99  1.67  -1.51 0.42
************TIME_SERIES************
ClassID: 1
TimeSeriesLength: 12
TimeSeriesData: 
-0.31 0.38  0.88  0.97  -1.72 -0.14
-0.31 0.37  0.88  2.02  -1.93 -0.49
-0.26 0.41  0.89  -1.18 9.20  0.35
-0.53 0.63  1.04  61.50 -26.00  88.14
-0.29 0.25  0.81  -115.83 35.63 197.08
0.24  -0.02 0.92  -55.17  -2.42 93.63
0.08  0.13  0.95  7.17  0.36  -3.06
0.03  0.12  1.01  2.92  -1.58 -2.16
0.05  0.13  0.98  2.71  0.43  0.70
0.04  0.14  0.99  0.14  0.71  -0.07
0.04  0.12  1.00  -2.71 -0.89 -1.53
0.04  0.11  0.99  0.28  -0.05 -1.46
************TIME_SERIES************
ClassID: 1
TimeSeriesLength: 12
TimeSeriesData: 
-0.60 0.23  0.77  1.25  -0.40 -0.07
-0.59 0.23  0.78  0.63  -0.40 0.00
-0.59 0.23  0.77  0.83  -0.54 -0.14
-0.60 0.23  0.78  1.95  -2.28 -0.21
-1.11 0.49  0.97  32.77 16.64 94.61
-0.38 0.04  0.62  -86.75  -19.46  207.65
0.37  -0.13 0.92  -45.63  -15.57  56.63
0.05  0.07  0.95  3.34  -27.18  -24.42
0.03  0.05  1.01  0.49  -0.68 -1.67
0.07  0.04  0.99  -1.88 -2.28 -1.67
0.09  0.02  1.00  0.97  -2.21 1.11
0.07  0.03  1.00  -1.81 -1.58 -0.63
************TIME_SERIES************
ClassID: 1
TimeSeriesLength: 12
TimeSeriesData: 
-0.53 0.52  1.17  -37.91  126.90  -2.09
-0.51 -0.15 0.46  -129.53 -36.92  252.31
0.32  -0.17 0.97  -19.55  -12.37  94.12
-0.00 0.10  1.01  -0.21 0.85  -13.43
0.02  0.14  0.98  -6.89 5.37  -1.25
-0.03 0.09  1.00  1.46  1.13  -0.07
-0.00 0.07  0.98  0.28  -0.26 -1.88
0.00  0.07  1.00  1.25  -2.56 -1.25
-0.01 0.07  0.99  1.18  -0.19 -1.18
-0.04 0.06  1.01  0.63  -1.93 -1.74
-0.02 0.06  1.01  -0.56 0.92  -1.46
-0.01 0.05  1.00  1.32  -2.07 -0.21
************TIME_SERIES************
ClassID: 1
TimeSeriesLength: 12
TimeSeriesData: 
-0.68 0.51  1.07  -44.03  41.20 15.86
-0.47 0.06  0.81  -42.92  -33.10  217.32
0.08  -0.07 0.86  -31.72  -39.91  114.71
0.23  0.06  0.90  8.14  11.70 5.84
0.12  0.07  0.99  -0.21 1.83  -1.53
0.13  0.08  0.99  -0.07 -0.40 0.21
0.11  0.08  1.01  -0.28 0.85  0.35
0.12  0.07  0.99  0.63  -0.89 0.42
0.11  0.07  0.99  -0.90 0.78  1.32
0.11  0.06  0.99  -0.21 0.23  1.18
0.11  0.05  0.98  -0.42 1.55  0.00
0.10  0.06  0.99  1.39  0.50  -0.07
************TIME_SERIES************
ClassID: 1
TimeSeriesLength: 12
TimeSeriesData: 
-0.42 0.27  0.88  0.56  -0.47 -0.14
-0.99 0.68  1.04  -42.43  -21.55  221.29
0.13  -0.06 0.72  -39.79  -30.31  136.70
0.29  0.07  0.92  -11.97  11.08 43.83
0.18  0.14  0.97  -2.50 0.09  -0.56
0.17  0.13  0.97  2.99  0.09  -1.95
0.16  0.14  0.97  2.85  -0.61 0.56
0.18  0.14  0.95  -1.60 0.92  -0.14
0.15  0.13  0.97  1.53  -0.05 1.39
0.17  0.13  0.97  -3.48 -0.26 -2.37
0.17  0.12  0.98  -0.28 -0.47 0.49
0.16  0.11  0.98  -0.28 -1.44 -1.32
************TIME_SERIES************
ClassID: 1
TimeSeriesLength: 12
TimeSeriesData: 
-0.43 0.26  0.88  0.28  -0.19 -0.35
-0.43 0.26  0.87  0.90  -0.40 -0.21
-0.43 0.26  0.88  0.63  -0.47 -0.35
-0.93 0.39  1.09  35.48 -30.17  92.73
-0.31 0.07  0.63  -44.73  -29.27  203.34
0.29  0.14  0.87  -48.14  -2.07 116.31
0.30  0.14  0.93  0.35  3.84  10.30
0.20  0.13  0.97  1.53  3.50  -3.06
0.18  0.16  0.97  -1.11 2.45  -1.39
0.17  0.15  0.96  3.83  0.36  -0.21
0.18  0.14  0.97  -0.49 -0.19 1.25
0.17  0.14  0.97  -0.77 -0.33 0.42
************TIME_SERIES************
ClassID: 1
TimeSeriesLength: 12
TimeSeriesData: 
-0.38 0.31  0.89  0.56  0.36  0.21
-0.38 0.30  0.88  0.77  -0.19 -0.07
-0.38 0.30  0.88  1.74  1.34  -0.70
-0.57 0.63  0.87  15.72 45.23 72.07
-0.29 0.27  0.76  -57.39  2.59  164.31
0.24  0.17  0.84  -36.10  3.84  73.46
0.20  0.18  1.01  1.46  -2.42 5.70
0.12  0.21  0.97  -2.23 -0.26 0.70
0.13  0.21  0.96  0.83  0.02  -1.25
0.13  0.21  0.97  0.77  0.29  1.67
0.13  0.21  0.98  -0.21 0.71  0.21
0.13  0.20  0.97  1.04  -0.68 0.49
************TIME_SERIES************
ClassID: 1
TimeSeriesLength: 12
TimeSeriesData: 
-0.43 0.30  0.87  0.28  -0.12 0.00
-0.42 0.30  0.87  4.73  -2.00 0.97
-0.78 0.57  1.08  4.31  -5.13 132.94
-0.11 0.02  0.72  -89.18  -35.88  194.50
0.24  0.08  0.89  -23.86  3.08  50.30
0.16  0.10  0.98  -5.22 1.55  10.64
0.12  0.10  0.98  2.37  1.34  -1.67
0.11  0.09  0.99  -1.04 -0.40 -1.11
0.11  0.09  0.98  1.18  3.01  -1.32
0.10  0.09  0.99  1.04  -0.40 0.35
0.11  0.09  0.98  -0.56 -0.75 0.14
0.12  0.09  0.99  -0.56 0.64  -0.35
************TIME_SERIES************
ClassID: 1
TimeSeriesLength: 12
TimeSeriesData: 
-0.50 0.32  0.80  0.35  -1.58 -0.21
-1.01 0.42  1.04  8.63  -6.38 110.05
-0.13 0.12  0.75  -59.90  -32.05  198.61
0.26  0.11  0.87  -30.12  -1.86 60.66
0.20  0.16  0.97  3.06  0.99  -1.81
0.15  0.16  0.98  -0.56 0.64  -0.63
0.15  0.17  0.97  -1.53 -0.40 -0.21
0.14  0.16  0.97  0.42  -1.79 -2.30
0.15  0.16  0.97  0.21  0.29  -0.83
0.16  0.15  0.98  -0.35 0.50  0.07
0.16  0.16  0.97  1.60  1.41  0.56
0.15  0.15  0.97  0.28  -0.68 -1.04
************TIME_SERIES************
ClassID: 1
TimeSeriesLength: 12
TimeSeriesData: 
-0.54 0.30  0.80  2.23  -0.05 1.74
-0.88 0.43  0.97  -18.64  -12.71  142.19
-0.06 0.09  0.77  -71.79  -38.87  181.15
0.27  0.06  0.90  -18.02  0.78  59.83
0.17  0.17  0.95  1.81  -3.53 -2.37
0.14  0.13  0.98  3.20  1.76  -0.35
0.13  0.14  0.98  -0.56 0.36  1.11
0.13  0.13  0.98  -1.60 -1.10 0.56
0.14  0.12  0.98  0.97  -0.40 -0.21
0.13  0.12  0.98  0.07  -0.89 0.42
0.14  0.11  0.99  0.49  -1.24 1.04
0.16  0.10  0.97  0.35  -1.24 2.16
************TIME_SERIES************
ClassID: 1
TimeSeriesLength: 12
TimeSeriesData: 
-0.29 0.28  0.93  -0.35 -0.19 0.49
-0.26 0.30  0.93  -3.69 10.80 -1.60
-0.49 0.35  1.08  -35.27  33.06 163.06
-0.01 0.04  0.73  -53.29  18.66 164.52
0.18  0.05  0.92  -4.94 11.01 16.70
0.07  0.10  1.01  0.77  -5.27 -3.76
0.05  0.09  0.99  3.06  -0.61 0.00
0.06  0.11  0.99  1.74  -1.51 -1.18
0.05  0.10  0.99  -0.35 0.09  -1.11
0.05  0.11  1.00  -1.81 0.85  -1.11
0.04  0.09  0.99  -0.63 0.09  0.56
0.05  0.09  1.00  0.70  -0.61 -0.83
************TIME_SERIES************
ClassID: 1
TimeSeriesLength: 12
TimeSeriesData: 
-0.23 0.66  0.83  -22.96  84.33 -4.73
-0.44 0.56  0.74  -18.43  -10.49  144.83
0.16  0.15  0.74  -101.43 20.75 162.85
0.31  -0.00 0.97  -4.73 35.77 20.17
0.10  0.08  1.01  -1.18 -5.69 -4.80
0.11  0.10  0.99  5.29  -0.61 1.88
0.11  0.10  0.99  2.23  -1.24 0.14
0.09  0.10  1.00  -0.07 -0.61 0.07
0.10  0.10  0.99  0.14  -1.31 -1.11
0.10  0.08  1.00  -0.14 -0.75 -0.07
0.12  0.08  0.99  -0.42 -0.12 -0.49
0.12  0.07  0.98  1.95  0.71  0.63
************TIME_SERIES************
ClassID: 1
TimeSeriesLength: 12
TimeSeriesData: 
-1.49 0.48  1.33  -35.69  -156.37 191.58
0.13  0.04  0.67  -91.90  -62.38  129.53
0.15  0.13  0.94  -20.10  12.47 15.37
0.14  0.00  0.99  -17.46  2.94  2.85
0.08  0.10  0.96  2.37  -0.96 -3.06
0.17  0.08  0.98  18.09 10.45 11.27
0.10  0.11  1.01  3.48  3.50  12.73
0.09  0.09  1.01  1.74  1.20  0.77
0.10  0.13  0.99  -0.42 0.43  -0.70
0.10  0.10  0.99  -0.14 -0.89 1.04
0.08  0.09  1.00  -0.21 0.29  -0.77
0.07  0.10  0.99  0.63  1.27  -1.46
************TIME_SERIES************
ClassID: 1
TimeSeriesLength: 12
TimeSeriesData: 
-0.29 0.35  0.90  0.90  -0.47 -0.28
-0.85 0.55  1.26  57.53 -31.64  142.05
0.09  0.16  0.68  -105.88 -5.41 195.90
0.26  0.04  0.94  -22.19  12.75 35.55
0.11  0.18  0.99  -0.77 5.79  -1.60
0.06  0.16  0.99  -0.28 0.29  -2.43
0.07  0.16  0.99  -0.21 0.29  -0.21
0.06  0.15  0.99  -0.14 -1.31 0.83
0.06  0.15  0.98  0.07  -0.19 -0.70
0.06  0.16  0.99  0.28  -0.54 -0.56
0.07  0.14  0.97  -0.90 0.29  -0.56
0.07  0.14  0.98  -0.63 -0.47 -0.28
************TIME_SERIES************
ClassID: 1
TimeSeriesLength: 12
TimeSeriesData: 
-0.54 0.33  0.80  -2.16 9.41  -7.30
-0.85 0.29  0.72  -65.18  -24.75  205.84
0.08  0.11  0.71  -87.93  -28.57  135.79
0.27  0.09  0.98  4.10  2.24  18.92
0.11  0.12  0.99  -7.10 0.16  -4.66
0.08  0.12  1.00  -1.60 1.20  0.63
0.07  0.11  0.99  1.25  -0.68 1.11
0.08  0.11  0.99  0.14  -1.10 -0.35
0.09  0.10  0.99  0.00  -0.47 0.21
0.08  0.09  1.01  0.07  -0.96 0.07
0.09  0.10  0.99  -0.70 -0.40 1.39
0.09  0.10  0.98  -0.63 -0.05 -1.04
************TIME_SERIES************
ClassID: 1
TimeSeriesLength: 12
TimeSeriesData: 
-0.43 0.47  0.94  -34.16  40.23 -15.10
-0.60 0.30  0.87  -69.84  -64.75  194.57
0.12  0.05  0.78  -68.80  -5.20 134.40
0.26  0.07  0.93  6.89  -0.47 17.18
0.11  0.09  1.00  -1.74 3.98  -2.57
0.11  0.09  0.99  1.67  1.20  -0.07
0.10  0.11  0.99  1.81  1.41  1.60
0.10  0.09  0.98  -0.63 -1.24 -0.70
0.10  0.10  1.00  -1.53 1.20  0.49
0.11  0.08  0.99  -0.83 -0.47 -1.11
0.11  0.09  0.99  0.21  -0.75 0.21
0.10  0.09  0.99  0.90  -1.03 0.63
************TIME_SERIES************
ClassID: 1
TimeSeriesLength: 12
TimeSeriesData: 
-1.01 0.38  0.65  -38.89  -25.51  177.39
-0.02 0.14  0.78  -83.13  -42.63  132.52
0.16  0.05  0.95  -27.62  4.82  33.18
0.09  0.13  0.97  2.02  2.03  0.77
0.05  0.13  1.01  1.25  -1.65 -1.46
0.07  0.14  0.98  1.53  0.71  0.63
0.07  0.14  0.97  0.83  3.15  0.63
0.07  0.11  1.00  2.37  -0.54 -0.63
0.06  0.13  1.00  0.83  0.09  1.53
0.07  0.12  0.99  1.39  0.23  -1.67
0.06  0.13  1.01  1.32  0.02  0.77
0.05  0.13  0.98  -0.28 -0.05 -1.95
************TIME_SERIES************
ClassID: 1
TimeSeriesLength: 13
TimeSeriesData: 
-0.75 0.26  0.62  -0.42 -3.67 -0.56
-0.93 0.56  0.72  -18.09  -20.23  141.98
-0.23 0.20  0.64  -91.55  -67.25  164.03
0.21  0.13  0.91  -16.77  -14.31  51.41
0.13  0.16  0.97  -1.25 -0.12 -1.74
0.09  0.15  0.99  4.45  -0.54 -1.67
0.09  0.17  0.98  0.77  0.57  -0.77
0.10  0.16  0.98  -0.28 -0.40 -1.04
0.09  0.16  0.97  2.16  0.78  1.74
0.08  0.16  0.98  -0.63 -1.44 -1.18
0.09  0.15  0.98  0.14  0.02  -0.77
0.09  0.15  0.98  0.07  -0.82 0.49
0.09  0.15  0.98  0.56  -0.19 0.21
************TIME_SERIES************
ClassID: 1
TimeSeriesLength: 12
TimeSeriesData: 
-0.74 0.27  0.62  0.56  2.03  -4.87
-1.14 0.39  0.88  -10.85  -46.10  122.43
-0.03 0.11  0.69  -89.11  -61.06  158.12
0.25  0.15  0.88  -26.92  8.92  37.91
0.11  0.16  0.98  5.36  -2.70 -1.81
0.11  0.15  0.99  1.39  -0.68 -3.27
0.09  0.17  0.99  1.46  -0.96 0.70
0.10  0.18  0.98  0.49  -1.10 -1.60
0.11  0.17  0.97  0.35  0.57  0.42
0.10  0.17  0.97  0.42  0.78  -1.04
0.11  0.16  0.98  0.63  -1.10 0.07
0.11  0.16  0.98  -1.60 0.02  0.83
************TIME_SERIES************
ClassID: 1
TimeSeriesLength: 12
TimeSeriesData: 
-1.10 0.43  0.59  -17.95  -26.70  21.36
-0.48 0.20  0.69  -72.63  -58.42  178.16
0.18  0.12  0.85  -30.47  -20.57  82.09
0.21  0.13  0.95  8.49  -0.26 12.31
0.12  0.15  0.99  2.37  2.59  -4.45
0.09  0.18  0.99  1.81  0.64  0.70
0.10  0.17  0.98  -2.37 0.71  0.00
0.10  0.17  0.97  1.53  -0.12 0.97
0.09  0.16  0.99  0.49  -1.17 -0.42
0.11  0.16  0.98  -0.07 -0.26 -0.90
0.09  0.15  0.99  0.70  -0.61 0.28
0.11  0.15  0.99  0.07  -0.47 -0.49

************TIME_SERIES************
ClassID: 2
TimeSeriesLength: 12
TimeSeriesData: 
-0.26	0.36	0.90	3.34	-4.92	-0.35
-0.27	0.38	0.89	-0.49	6.83	8.35
-0.27	0.39	0.89	-0.28	3.70	10.23
-0.25	0.39	0.90	0.28	1.48	3.34
-0.27	0.38	0.90	1.88	-4.02	-12.31
-0.26	0.37	0.90	0.21	-0.61	-11.41
-0.29	0.36	0.90	5.22	0.78	-11.55
-0.31	0.38	0.88	4.31	-0.82	-2.23
-0.31	0.39	0.87	-2.37	-1.51	14.89
-0.26	0.39	0.89	-2.02	0.50	6.75
-0.25	0.39	0.90	-2.57	2.10	8.07
-0.25	0.39	0.90	0.07	1.06	3.55
************TIME_SERIES************
ClassID: 2
TimeSeriesLength: 12
TimeSeriesData: 
-0.28	0.39	0.89	1.74	-1.51	2.23
-0.26	0.38	0.90	0.42	0.29	8.63
-0.26	0.39	0.89	-3.20	4.26	11.62
-0.25	0.39	0.89	-12.03	-4.16	6.96
-0.25	0.38	0.90	2.37	1.55	1.25
-0.23	0.36	0.92	-3.20	-2.28	0.07
-0.22	0.36	0.91	0.07	-0.82	-0.28
-0.22	0.36	0.92	-0.21	-3.88	-7.72
-0.24	0.37	0.90	6.68	-0.61	-9.32
-0.27	0.35	0.90	-0.70	0.71	-6.19
-0.25	0.33	0.91	5.57	4.12	-5.77
-0.30	0.38	0.89	0.14	1.76	-0.49
************TIME_SERIES************
ClassID: 2
TimeSeriesLength: 13
TimeSeriesData: 
-0.26	0.36	0.90	-0.70	0.02	-0.49
-0.25	0.36	0.90	0.21	-0.47	-0.63
-0.26	0.34	0.90	1.25	-1.58	-8.42
-0.25	0.34	0.91	-7.79	-3.81	-1.39
-0.25	0.32	0.92	2.78	0.16	5.63
-0.25	0.33	0.91	-3.76	-0.33	-0.14
-0.25	0.31	0.91	-1.32	-0.47	-0.70
-0.24	0.33	0.92	-0.83	5.72	8.56
-0.24	0.34	0.91	0.21	0.29	-0.42
-0.26	0.32	0.91	-0.49	-3.46	0.14
-0.24	0.33	0.92	1.25	0.43	0.49
-0.26	0.32	0.92	0.70	-1.58	-5.43
-0.25	0.32	0.92	1.25	-1.86	-7.03
************TIME_SERIES************
ClassID: 2
TimeSeriesLength: 12
TimeSeriesData: 
-0.25	0.37	0.90	-0.28	2.45	5.15
-0.26	0.37	0.90	1.04	7.88	7.30
-0.28	0.38	0.89	-2.57	7.95	9.67
-0.30	0.38	0.89	0.35	-0.54	-0.90
-0.30	0.37	0.89	0.70	-1.79	-1.46
-0.28	0.38	0.88	-0.14	0.92	-0.56
-0.27	0.38	0.90	-3.13	-8.75	0.70
-0.26	0.37	0.90	-1.60	-2.84	2.30
-0.25	0.36	0.91	-1.18	-1.10	0.97
-0.25	0.36	0.91	-0.63	-1.44	-2.02
-0.27	0.36	0.89	2.92	-0.61	2.78
-0.26	0.35	0.90	0.77	0.02	-0.35
************TIME_SERIES************
ClassID: 2
TimeSeriesLength: 12
TimeSeriesData: 
-0.27	0.36	0.90	-1.67	1.34	11.48
-0.24	0.38	0.89	-1.25	5.93	4.73
-0.28	0.38	0.90	0.35	6.76	3.55
-0.28	0.38	0.90	-0.63	2.45	4.66
-0.28	0.39	0.88	0.35	1.41	1.04
-0.25	0.36	0.91	-2.85	-10.77	-9.67
-0.26	0.35	0.90	0.42	-3.46	-3.06
-0.28	0.38	0.90	4.03	6.14	-1.81
-0.29	0.38	0.88	0.42	1.96	4.80
-0.28	0.38	0.88	0.63	3.56	5.29
-0.29	0.39	0.88	-0.49	-0.19	-1.25
-0.33	0.39	0.88	1.39	-8.12	-2.23
************TIME_SERIES************
ClassID: 2
TimeSeriesLength: 12
TimeSeriesData: 
-0.27	0.38	0.89	2.16	-0.68	-1.04
-0.27	0.37	0.91	4.17	-3.81	-13.15
-0.31	0.39	0.88	2.71	5.65	-8.70
-0.32	0.39	0.87	2.23	-1.31	-5.22
-0.33	0.39	0.88	-0.90	0.85	1.60
-0.31	0.38	0.88	0.56	1.83	0.28
-0.31	0.39	0.88	-10.43	7.88	31.58
-0.30	0.39	0.88	-0.77	1.34	4.45
-0.29	0.39	0.88	0.63	0.64	0.97
-0.30	0.39	0.88	-5.36	-9.24	-1.95
-0.28	0.37	0.89	5.22	-4.64	-12.87
-0.30	0.39	0.88	1.25	-0.54	-3.62
************TIME_SERIES************
ClassID: 2
TimeSeriesLength: 12
TimeSeriesData: 
-0.36	0.40	0.85	-1.25	0.23	4.87
-0.32	0.40	0.87	-8.35	1.20	15.10
-0.30	0.39	0.88	-0.90	0.09	-0.14
-0.29	0.38	0.88	-2.85	0.92	-1.81
-0.33	0.36	0.88	3.13	8.29	0.70
-0.34	0.36	0.88	5.50	-5.13	-1.11
-0.33	0.41	0.86	7.65	11.98	-5.43
-0.36	0.41	0.85	-1.88	4.54	-13.50
-0.37	0.38	0.85	0.42	2.10	-2.92
-0.41	0.38	0.83	0.70	-0.89	0.28
-0.36	0.40	0.84	-1.18	-12.99	13.57
-0.30	0.41	0.87	6.68	-7.43	-3.13
************TIME_SERIES************
ClassID: 2
TimeSeriesLength: 12
TimeSeriesData: 
-0.30	0.41	0.88	-3.55	-12.44	2.57
-0.25	0.36	0.90	-5.36	-2.21	-4.45
-0.29	0.33	0.90	-6.89	-0.12	4.87
-0.26	0.36	0.91	13.50	8.99	10.99
-0.33	0.41	0.86	-9.60	7.95	16.14
-0.34	0.40	0.86	-0.35	-0.96	-1.81
-0.34	0.39	0.88	0.00	-1.93	0.90
-0.29	0.39	0.88	3.62	3.08	0.35
-0.32	0.41	0.87	-7.17	-12.64	-1.81
-0.28	0.36	0.90	-7.58	-0.82	-3.34
-0.29	0.39	0.88	1.25	0.78	4.73
-0.30	0.38	0.88	-0.70	-1.37	-0.35
************TIME_SERIES************
ClassID: 2
TimeSeriesLength: 12
TimeSeriesData: 
-0.34	0.37	0.88	-6.47	-4.16	2.43
-0.36	0.36	0.88	-5.36	3.56	6.96
-0.30	0.36	0.89	0.42	1.20	2.64
-0.32	0.37	0.87	2.43	7.53	11.90
-0.36	0.40	0.85	1.60	9.27	6.40
-0.37	0.42	0.83	-0.07	-2.63	0.00
-0.34	0.42	0.85	-2.23	2.03	-0.83
-0.29	0.37	0.91	6.96	-5.13	-28.45
-0.34	0.37	0.87	0.14	-2.42	-6.26
-0.34	0.36	0.88	4.24	-0.33	-5.36
-0.35	0.35	0.88	-0.49	-1.58	-0.56
-0.32	0.36	0.89	-0.21	-7.98	-7.23
************TIME_SERIES************
ClassID: 2
TimeSeriesLength: 12
TimeSeriesData: 
-0.40	0.38	0.85	-1.04	4.12	11.69
-0.40	0.39	0.83	-5.22	11.43	16.49
-0.42	0.39	0.82	-5.01	10.38	7.93
-0.43	0.39	0.83	0.97	-1.44	-1.53
-0.36	0.42	0.87	1.18	6.90	-5.77
-0.36	0.39	0.87	6.96	-5.90	-12.24
-0.38	0.40	0.84	1.67	-0.47	-8.56
-0.39	0.38	0.85	1.81	-2.84	-5.36
-0.40	0.40	0.83	-1.88	9.69	-3.62
-0.39	0.38	0.84	-2.16	1.41	-2.71
-0.45	0.38	0.83	6.33	9.62	-2.37
-0.45	0.34	0.86	3.97	0.29	1.25
************TIME_SERIES************
ClassID: 2
TimeSeriesLength: 12
TimeSeriesData: 
-0.38	0.37	0.87	-1.11	1.06	3.76
-0.39	0.38	0.85	-2.50	0.92	5.84
-0.36	0.37	0.86	-4.80	3.15	16.21
-0.34	0.38	0.86	0.28	3.43	1.74
-0.39	0.39	0.85	0.07	14.49	1.39
-0.43	0.38	0.82	-1.74	5.10	8.83
-0.42	0.39	0.83	0.90	-0.47	0.56
-0.42	0.39	0.83	2.02	-5.97	-2.09
-0.38	0.40	0.85	-1.11	0.36	-1.74
-0.42	0.39	0.83	0.42	1.69	-0.56
-0.41	0.40	0.83	1.18	0.85	-3.13
-0.39	0.39	0.85	0.83	7.25	-2.43
************TIME_SERIES************
ClassID: 2
TimeSeriesLength: 12
TimeSeriesData: 
-0.45	0.35	0.83	-0.14	0.43	0.77
-0.45	0.35	0.82	-3.55	1.55	7.65
-0.44	0.36	0.83	-2.23	0.85	7.37
-0.43	0.37	0.83	-5.70	11.43	16.56
-0.47	0.38	0.81	-1.25	5.44	4.03
-0.47	0.38	0.80	-0.14	0.99	0.77
-0.48	0.38	0.79	2.50	0.78	-0.56
-0.48	0.39	0.80	8.56	-6.73	-13.01
-0.45	0.38	0.82	-1.46	0.36	-1.39
-0.48	0.37	0.81	-0.63	-4.30	0.42
-0.45	0.38	0.81	0.21	-0.54	-1.39
-0.45	0.42	0.79	4.59	-3.95	-0.70
************TIME_SERIES************
ClassID: 2
TimeSeriesLength: 12
TimeSeriesData: 
-0.43	0.36	0.83	0.00	-7.36	-8.56
-0.43	0.34	0.85	2.99	-8.54	-10.78
-0.42	0.32	0.85	-0.97	-2.77	-3.83
-0.42	0.32	0.85	0.49	1.83	1.18
-0.44	0.33	0.83	5.50	11.98	4.17
-0.45	0.36	0.81	-0.90	10.03	4.94
-0.46	0.36	0.82	-5.01	1.69	13.91
-0.46	0.36	0.81	-2.92	9.96	5.36
-0.48	0.38	0.79	-6.75	7.32	9.81
-0.50	0.37	0.79	4.31	-7.43	-1.74
-0.39	0.41	0.81	13.36	-14.94	-25.18
-0.46	0.36	0.81	0.56	-6.11	-4.80
************TIME_SERIES************
ClassID: 2
TimeSeriesLength: 12
TimeSeriesData: 
-0.45	0.38	0.81	-2.99	5.23	8.42
-0.47	0.38	0.81	-6.47	16.30	5.08
-0.49	0.38	0.79	-2.23	5.86	4.59
-0.51	0.38	0.78	-0.70	1.62	0.28
-0.57	0.38	0.73	8.21	-26.70	-14.96
-0.47	0.38	0.80	8.00	-6.38	-13.43
-0.48	0.37	0.80	2.99	-0.96	-6.05
-0.47	0.38	0.81	-0.63	0.71	4.73
-0.47	0.37	0.81	-3.27	3.50	3.83
-0.48	0.37	0.80	-1.88	-1.17	-1.25
-0.46	0.37	0.81	0.14	1.48	4.24
-0.48	0.38	0.80	-0.97	7.74	2.37
************TIME_SERIES************
ClassID: 2
TimeSeriesLength: 12
TimeSeriesData: 
-0.48	0.38	0.80	-5.22	-0.40	9.53
-0.41	0.40	0.83	1.88	18.17	17.11
-0.45	0.54	0.70	58.16	35.22	-11.55
-0.41	0.46	0.78	-16.49	-9.72	-6.33
-0.44	0.45	0.79	-4.38	1.69	2.50
-0.43	0.45	0.80	-1.74	0.85	-1.74
-0.47	0.44	0.78	-3.83	-5.20	-7.44
-0.39	0.40	0.83	2.92	-8.19	-16.07
-0.39	0.39	0.84	0.14	-4.30	-8.63
-0.38	0.37	0.86	6.33	6.42	4.38
-0.39	0.40	0.84	-3.06	8.02	14.89
-0.42	0.40	0.82	-0.42	10.59	-1.25
************TIME_SERIES************
ClassID: 2
TimeSeriesLength: 12
TimeSeriesData: 
-0.50	0.38	0.78	-2.43	2.17	4.38
-0.48	0.39	0.79	-7.93	10.17	11.41
-0.49	0.39	0.78	-4.17	3.01	12.17
-0.50	0.39	0.79	-6.54	18.10	7.51
-0.52	0.39	0.76	-0.97	7.46	3.48
-0.53	0.38	0.76	1.74	-1.17	-0.21
-0.49	0.39	0.78	14.33	-23.91	-13.22
-0.50	0.42	0.75	6.47	5.37	-1.46
-0.51	0.40	0.76	-0.28	-2.14	-0.97
-0.50	0.39	0.78	-0.83	-9.17	-2.43
-0.50	0.39	0.77	-1.60	4.47	-1.88
-0.51	0.39	0.77	0.63	-3.11	-2.30
************TIME_SERIES************
ClassID: 2
TimeSeriesLength: 12
TimeSeriesData: 
-0.48	0.39	0.79	-3.62	1.13	9.95
-0.42	0.41	0.81	-8.07	4.54	18.50
-0.43	0.40	0.81	-4.87	14.21	6.89
-0.47	0.40	0.79	-3.62	6.42	3.34
-0.48	0.41	0.79	0.35	2.73	-0.63
-0.47	0.40	0.80	6.96	-18.84	-14.40
-0.40	0.41	0.83	7.58	-22.52	-8.00
-0.43	0.36	0.82	-11.69	0.23	22.47
-0.33	0.45	0.84	9.39	2.52	-1.18
-0.38	0.46	0.81	0.35	1.90	0.77
-0.39	0.44	0.82	-4.73	-0.75	-3.41
-0.42	0.43	0.81	0.56	1.55	-0.28
************TIME_SERIES************
ClassID: 2
TimeSeriesLength: 12
TimeSeriesData: 
-0.47	0.42	0.79	-6.96	7.60	16.77
-0.47	0.43	0.78	-7.17	11.43	12.66
-0.50	0.42	0.76	-4.87	10.03	5.36
-0.51	0.41	0.76	-3.34	6.70	4.31
-0.51	0.43	0.76	2.37	-10.63	-4.03
-0.52	0.43	0.74	14.26	-4.51	-16.28
-0.50	0.43	0.76	-0.07	1.62	0.07
-0.49	0.44	0.75	2.64	-7.77	-2.43
-0.50	0.43	0.74	-3.34	-24.33	-2.43
-0.50	0.41	0.76	-2.64	11.77	-1.18
-0.52	0.43	0.75	-1.60	1.83	-0.90
-0.50	0.40	0.77	-6.61	-13.20	-0.97
************TIME_SERIES************
ClassID: 2
TimeSeriesLength: 12
TimeSeriesData: 
-0.50	0.38	0.78	-8.07	3.84	18.09
-0.50	0.40	0.77	-7.17	16.02	8.35
-0.54	0.39	0.74	-4.45	8.43	6.47
-0.50	0.43	0.75	21.15	-15.64	-32.83
-0.54	0.39	0.74	5.98	-4.99	-7.03
-0.54	0.40	0.74	-1.32	2.17	3.13
-0.55	0.39	0.73	-0.35	-0.26	0.00
-0.54	0.39	0.74	1.25	-2.14	-1.32
-0.55	0.39	0.73	0.49	-0.47	-0.28
-0.54	0.40	0.74	0.00	0.92	0.00
-0.55	0.39	0.74	-0.14	-0.47	-0.21
-0.54	0.39	0.74	-0.14	0.71	-0.07
************TIME_SERIES************
ClassID: 2
TimeSeriesLength: 12
TimeSeriesData: 
-0.41	0.42	0.81	-4.94	8.09	11.20
-0.47	0.43	0.78	-2.50	3.91	-14.12
-0.48	0.39	0.79	4.52	4.40	-14.54
-0.46	0.38	0.80	2.71	-1.93	-1.46
-0.40	0.38	0.84	7.23	-10.21	-23.37
-0.22	0.43	0.88	-64.07	-12.99	52.31
-0.34	0.39	0.89	7.65	-63.43	23.03
-0.24	0.40	0.89	15.37	-7.57	-6.19
-0.23	0.49	0.87	7.44	-2.07	-21.50
-0.24	0.46	0.88	-0.42	8.85	12.80
-0.22	0.46	0.87	-18.09	24.43	36.94
-0.26	0.41	0.90	10.92	1.96	-3.41
************TIME_SERIES************
ClassID: 2
TimeSeriesLength: 12
TimeSeriesData: 
-0.37	0.41	0.84	-6.96	5.03	6.26
-0.37	0.41	0.84	-3.83	5.37	10.92
-0.32	0.43	0.86	4.59	-8.68	-5.98
-0.34	0.41	0.85	-2.71	-20.50	-16.90
-0.30	0.39	0.88	-0.07	11.01	5.08
-0.35	0.39	0.86	0.70	3.15	2.16
-0.34	0.40	0.85	2.64	-4.02	-2.99
-0.33	0.39	0.87	2.92	0.16	-10.43
-0.36	0.38	0.86	0.83	-0.82	-3.48
-0.31	0.39	0.87	2.43	-8.61	0.28
-0.34	0.38	0.87	0.14	2.31	0.42
-0.32	0.39	0.88	4.80	-5.55	2.99
************TIME_SERIES************
ClassID: 2
TimeSeriesLength: 12
TimeSeriesData: 
-0.33	0.42	0.85	-0.21	1.34	-0.90
-0.38	0.41	0.84	-3.90	6.42	11.55
-0.34	0.43	0.85	-2.71	4.89	9.53
-0.36	0.42	0.84	-2.43	5.10	9.25
-0.36	0.42	0.84	0.14	-3.04	-1.60
-0.34	0.43	0.84	0.14	1.20	-2.30
-0.35	0.42	0.85	3.13	0.29	-4.10
-0.37	0.42	0.84	9.60	-22.38	-18.23
-0.31	0.44	0.85	2.23	-3.67	-2.78
-0.27	0.44	0.87	2.43	3.77	-3.13
-0.32	0.43	0.86	3.41	-5.27	-3.13
-0.28	0.45	0.86	0.83	-3.53	-8.70
************TIME_SERIES************
ClassID: 2
TimeSeriesLength: 12
TimeSeriesData: 
-0.32	0.43	0.85	0.49	4.61	6.26
-0.34	0.43	0.86	-1.53	2.80	8.00
-0.35	0.42	0.85	-4.87	7.46	12.87
-0.35	0.43	0.85	-2.02	4.61	6.82
-0.34	0.42	0.85	-2.09	1.13	0.35
-0.32	0.41	0.86	1.81	-1.93	-4.38
-0.34	0.42	0.86	0.56	-0.89	-1.95
-0.34	0.42	0.85	1.32	-3.04	-2.85
-0.34	0.42	0.85	2.30	-4.71	-2.09
-0.30	0.43	0.86	2.09	-4.09	-2.99
-0.31	0.43	0.87	3.13	-3.04	-3.97
-0.29	0.44	0.87	4.80	-6.04	-6.89
************TIME_SERIES************
ClassID: 2
TimeSeriesLength: 12
TimeSeriesData: 
-0.30	0.43	0.87	-4.38	10.24	16.77
-0.30	0.44	0.87	-4.10	2.66	7.23
-0.31	0.41	0.87	0.14	-0.47	-1.04
-0.32	0.42	0.85	2.64	-0.19	1.88
-0.31	0.44	0.86	2.23	-4.51	-2.99
-0.30	0.43	0.87	1.95	-3.60	-3.06
-0.30	0.41	0.88	2.37	-6.59	-5.77
-0.27	0.43	0.87	1.04	-3.39	-3.90
-0.28	0.43	0.88	2.30	-3.81	-5.91
-0.26	0.43	0.88	1.46	-3.81	-4.80
-0.26	0.43	0.88	1.81	-2.77	-4.10
-0.26	0.43	0.87	1.39	-1.51	-3.55
************TIME_SERIES************
ClassID: 2
TimeSeriesLength: 12
TimeSeriesData: 
-0.25	0.43	0.87	-0.28	0.23	-0.42
-0.25	0.43	0.88	-1.53	2.10	4.94
-0.26	0.42	0.88	-0.63	3.01	2.92
-0.27	0.42	0.88	-1.25	3.63	4.66
-0.29	0.41	0.88	-1.88	5.58	6.05
-0.29	0.42	0.87	-1.25	3.63	4.10
-0.30	0.41	0.87	0.49	0.23	2.57
-0.29	0.42	0.87	-1.39	4.89	2.43
-0.30	0.42	0.87	0.83	0.50	2.78
-0.30	0.41	0.87	0.83	0.23	1.81
-0.30	0.42	0.87	0.63	-0.47	0.83
-0.29	0.43	0.87	0.49	-0.12	-0.21
************TIME_SERIES************
ClassID: 2
TimeSeriesLength: 12
TimeSeriesData: 
-0.27	0.42	0.87	-3.55	7.32	12.59
-0.29	0.43	0.87	2.23	1.62	1.74
-0.32	0.44	0.86	-2.57	13.86	9.46
-0.34	0.43	0.84	-0.14	3.98	4.94
-0.33	0.44	0.85	0.70	-0.26	0.35
-0.36	0.44	0.83	1.25	-10.00	4.45
-0.32	0.44	0.85	1.88	-11.88	-3.34
-0.24	0.46	0.87	10.30	-11.11	-19.48
-0.27	0.45	0.87	4.45	-6.59	-8.42
-0.27	0.45	0.86	0.21	-0.05	-0.35
-0.26	0.46	0.86	-0.14	0.99	-0.49
-0.27	0.48	0.85	2.57	-0.89	2.37
************TIME_SERIES************
ClassID: 2
TimeSeriesLength: 12
TimeSeriesData: 
-0.30	0.43	0.86	-3.76	6.49	9.53
-0.33	0.42	0.86	-0.97	-0.68	1.95
-0.30	0.43	0.85	-3.90	1.55	0.83
-0.30	0.40	0.88	-5.36	-1.31	-0.21
-0.29	0.35	0.90	-3.06	-4.71	-0.21
-0.26	0.36	0.90	15.10	-8.19	-2.78
-0.27	0.40	0.88	7.37	-6.04	-4.17
-0.27	0.41	0.88	5.36	-8.61	-9.46
-0.25	0.41	0.88	3.06	-1.51	-4.59
-0.25	0.42	0.88	5.36	-7.01	-11.97
-0.25	0.43	0.88	2.43	-3.67	-5.84
-0.25	0.43	0.88	2.92	-2.63	-6.05
************TIME_SERIES************
ClassID: 2
TimeSeriesLength: 13
TimeSeriesData: 
-0.26	0.43	0.87	-0.90	0.92	0.00
-0.25	0.42	0.88	-2.16	2.31	5.50
-0.24	0.43	0.87	-1.18	5.30	11.69
-0.27	0.43	0.86	-2.50	8.36	10.16
-0.29	0.43	0.87	-3.48	10.03	9.53
-0.30	0.43	0.87	-1.95	5.72	5.22
-0.30	0.43	0.87	1.04	-3.88	-0.49
-0.29	0.43	0.87	1.81	-4.23	-1.67
-0.28	0.43	0.87	1.95	-4.99	-6.54
-0.27	0.43	0.87	1.46	-3.04	-3.69
-0.26	0.43	0.88	2.09	-3.67	-3.48
-0.25	0.43	0.87	3.55	-5.90	-9.53
-0.26	0.43	0.88	2.85	-4.92	-13.15
************TIME_SERIES************
ClassID: 2
TimeSeriesLength: 12
TimeSeriesData: 
-0.26	0.39	0.89	-0.21	1.20	0.49
-0.25	0.41	0.88	-0.63	4.40	6.33
-0.27	0.41	0.88	-0.49	2.24	8.00
-0.28	0.41	0.87	-5.63	6.07	14.33
-0.28	0.41	0.88	-1.81	6.76	9.39
-0.28	0.41	0.88	0.56	2.80	5.57
-0.27	0.42	0.87	1.46	-0.19	1.74
-0.28	0.42	0.87	0.42	0.85	-0.07
-0.29	0.43	0.87	0.35	-0.61	-0.21
-0.26	0.43	0.88	3.34	-6.38	-6.82
-0.27	0.43	0.87	3.83	-6.80	-7.79
-0.25	0.42	0.88	2.37	-5.34	-8.49
************TIME_SERIES************
ClassID: 2
TimeSeriesLength: 12
TimeSeriesData: 
-0.25	0.43	0.88	1.60	-0.26	-3.48
-0.25	0.43	0.89	-0.07	0.78	-0.07
-0.25	0.43	0.88	0.28	1.34	2.23
-0.25	0.44	0.88	-0.21	4.47	10.43
-0.26	0.43	0.87	-1.88	5.30	12.03
-0.26	0.44	0.87	-2.85	7.39	8.56
-0.26	0.44	0.87	-1.88	7.39	5.98
-0.29	0.45	0.87	1.04	1.96	1.81
-0.28	0.45	0.86	0.00	-0.96	1.11
-0.27	0.45	0.87	1.88	-4.02	-2.64
-0.25	0.45	0.87	0.42	-1.10	-1.04
-0.26	0.45	0.87	0.35	-2.56	-3.34
