GRT_LABELLED_TIME_SERIES_CLASSIFICATION_DATA_FILE_V1.0
DatasetName: GloveData
InfoText: This data contains gesture data
NumDimensions: 3
TotalNumTrainingExamples: 20
NumberOfClasses: 2
ClassIDsAndCounters: 
1 10
2 10
UseExternalRanges: 0
LabelledTimeSeriesTrainingData:
************TIME_SERIES************
ClassID: 1
TimeSeriesLength: 125
TimeSeriesData: 
0.7613	0.5578	0.6265
-0.9083	0.2100	-0.2083
0.2048	-0.0683	0.7657
-0.5604	0.1404	0.0004
0.1352	0.4187	0.5570
-0.5604	0.5578	-0.0691
-0.2126	0.6970	-0.1387
-0.1430	0.2796	0.0700
0.0657	0.2796	0.2787
-0.0735	0.3491	0.2787
-0.0735	0.2100	0.1396
-0.3517	0.1404	-0.1387
-0.2822	0.0013	-0.0691
-0.2822	0.0013	-0.1387
-0.5604	0.6970	1.1135
-4.9430	7.7230	-2.5039
-26.2996	28.5230	-14.2604
-92.8039	83.2709	-20.5909
-70.4735	130.5057	6.1917
-6.8909	92.5230	15.8613
-17.9517	77.2187	36.7309
-78.4039	91.4796	115.3396
-66.2996	-3.4770	151.4439
-32.3517	-60.1030	164.0352
-62.1257	6.8883	197.0787
-79.2387	-5.0074	208.9048
-79.3778	-53.4248	203.6178
-88.2822	-64.3465	196.9396
-95.3778	-67.3378	198.8874
-86.4735	-64.8335	181.2178
-79.2387	-74.5726	173.4265
-56.0039	-42.9204	174.8178
-58.1604	4.3143	172.5222
-62.1257	5.2187	157.5657
-48.2126	-17.6683	118.3309
-42.2300	-12.0335	84.5917
-40.3517	14.0535	82.7830
-20.7343	23.5143	64.6265
-25.2561	16.2100	34.0874
-24.2822	29.0796	23.5830
-0.1430	32.0013	20.3135
8.4830	11.5491	6.6787
0.0657	-1.5291	-4.9387
3.8222	1.5317	3.8265
0.9004	9.5317	12.0352
-2.5778	5.2883	9.4613
-1.5343	0.6274	2.3657
0.4830	7.5143	2.0178
-1.3952	5.5665	-2.0865
2.2222	-1.1117	-4.5909
4.0309	-0.3465	-5.3561
-0.4213	4.3839	-2.9213
-2.9257	0.5578	-4.0343
-0.6996	-0.5552	-0.4865
1.1091	5.9143	6.1222
-0.7691	3.4796	4.5222
0.9700	-3.2683	1.2526
1.5265	-2.2943	2.9222
1.1091	2.2274	4.3135
-0.8387	-0.4161	0.4178
0.9004	-5.4248	-2.0865
0.5526	1.6013	2.7135
-1.6735	4.9404	3.8961
-2.6474	0.6970	0.8352
-2.5083	-0.5552	0.9743
-3.0648	7.2361	6.4004
-1.3257	4.3143	4.0352
-0.6300	-2.5030	-2.0170
-0.1430	1.0448	1.1830
1.0396	4.3143	3.4091
1.2483	-0.8335	0.3483
-0.7691	-0.9726	0.1396
-1.3257	0.9752	2.2961
-2.7170	0.6274	1.1135
-3.8300	-1.9465	-0.6952
-2.7865	2.4361	2.2961
-0.6300	2.1578	1.8787
-0.9083	-1.8074	-0.5561
-0.6300	-0.3465	0.4874
-1.3257	3.9665	1.8091
-1.5343	0.4883	0.2787
-3.1343	-0.8335	-1.2517
-2.2300	1.8796	1.1830
-1.7430	0.4883	0.0700
-3.3430	0.5578	-0.2083
-1.3257	0.9752	1.6004
-0.7691	1.5317	0.5570
-1.1170	-1.9465	-1.8083
-3.5517	0.9057	-0.4865
-3.1343	1.2535	-0.4170
-1.1865	-2.2248	-2.0865
-2.1604	1.6013	-0.7648
-3.4126	2.2274	-0.3474
-1.8126	-1.5987	-0.4865
-1.7430	2.6448	1.8787
-2.6474	3.8970	2.2961
-2.0213	0.6970	0.8352
-2.0909	-0.9726	0.2091
-1.3952	-1.1117	0.0004
-3.4822	1.6709	0.3483
-5.7083	-0.8335	-1.1822
-3.4822	-4.9378	-3.8257
-4.0387	-2.7813	-2.1561
-4.8039	2.0883	0.6961
-2.4387	0.2100	-0.2778
-0.0735	-2.7117	-1.3909
1.3178	-2.5726	-1.5996
0.4830	-1.2509	-1.3213
-1.6039	1.0448	0.0700
-2.1604	0.4883	-0.4865
-1.1865	-1.5987	-0.4865
-1.7430	0.1404	1.1135
-2.2300	2.4361	1.3917
-0.9778	1.1143	0.9048
-0.7691	1.6709	0.9743
-3.1343	1.9491	0.5570
-2.1604	-0.7639	-0.9039
-0.8387	-0.9726	-1.3909
-1.4648	1.3230	0.0004
-2.3691	0.8361	0.2787
-2.5083	-0.4161	-0.5561
-2.5778	0.4883	-0.2778
-1.6735	1.1143	0.3483
-0.3517	-0.2770	0.0700
-0.2126	-0.2770	0.0004
************TIME_SERIES************
ClassID: 1
TimeSeriesLength: 123
TimeSeriesData: 
-0.2126	0.7665	0.1396
-0.5604	-0.8335	-0.6257
-0.0735	0.5578	0.5570
-0.8387	0.1404	0.0004
-0.4909	0.3491	0.5570
-2.7170	0.5578	-0.2778
-11.6909	3.6883	-3.4778
-34.3691	20.1057	-17.5996
-72.5604	63.3057	5.6352
-55.5170	149.9143	40.3483
-7.5865	87.3752	54.9570
-30.1952	20.5230	76.3135
-75.4126	46.4709	122.9222
-84.1083	48.5578	184.5570
-68.1083	7.2361	191.5830
-48.9778	-5.5639	197.8439
-60.3170	-16.9030	215.6526
-62.4735	-37.2161	211.4787
-61.7778	-49.5987	205.9135
-66.9257	-58.5726	188.6613
-67.0648	-59.6161	170.5743
-58.7170	-42.5726	152.4178
-52.4561	-27.4770	132.7309
-45.9170	-22.1204	111.8613
-38.6822	-20.2422	98.9222
-31.2387	-6.8161	84.9396
-23.8648	0.9752	68.3830
-10.0213	-0.4857	48.1396
0.0657	3.1317	36.1048
4.1004	7.8622	28.8004
6.9526	8.6970	18.8526
7.3004	-3.4074	8.6265
1.7352	-3.7552	5.7048
-3.1343	2.5057	4.7309
-1.9517	3.3404	4.8700
-2.5778	2.0883	1.9483
-5.4300	2.9926	0.9048
-2.1604	0.5578	-0.0691
-2.0213	-0.3465	-0.8343
-0.6300	-0.4161	0.5570
-1.4648	0.2796	0.8352
-1.1865	1.5317	2.0874
-1.5343	3.8274	2.9222
-0.2822	3.4100	3.4787
-0.1430	4.3839	4.1743
-2.9257	3.2709	1.9483
-2.0213	0.0709	-0.3474
-2.4387	1.1143	0.4874
-1.6039	1.4622	0.7657
-2.2300	1.5317	0.4874
-0.9083	-1.4596	-0.1387
-1.6735	-1.0422	0.9048
-1.8126	0.8361	3.4091
-1.8126	1.8796	3.4091
-1.8126	0.8361	1.8787
-1.6735	0.2100	1.1135
-1.6039	1.1143	0.2787
-2.0213	-0.1378	-0.2083
0.1352	1.1143	2.5048
-0.9083	2.5752	2.1570
-4.1083	1.7404	0.3483
-1.4648	0.1404	1.5309
-1.5343	3.0622	3.0613
-1.6735	2.0187	2.1570
-1.6735	0.3491	0.3483
-0.6996	-1.5987	0.1396
-0.8387	0.7665	-0.0691
-0.4213	0.0013	-0.7648
-1.5343	0.8361	-0.7648
-2.5083	2.2274	0.0004
-1.5343	0.7665	-1.1126
-0.3517	0.0013	-1.1822
-1.0474	1.3926	0.2091
-0.4909	1.1143	0.7657
-1.0474	0.6970	-0.4865
-1.1865	0.6274	-0.7648
-1.4648	1.6709	0.3483
-2.1604	1.6013	0.4178
-0.4909	0.2100	-0.2083
-1.7430	2.0187	-0.3474
-1.6735	1.3230	-0.1387
-1.0474	1.3230	0.1396
-0.6300	1.1143	0.2787
-0.8387	0.7665	0.1396
-1.4648	1.3926	0.0700
-0.2822	1.0448	0.6265
-2.4387	2.5057	0.9048
-2.6474	1.6013	-0.1387
-1.5343	-0.1378	-1.2517
-0.2822	-0.1378	0.2787
-1.6039	0.8361	1.1135
-0.8387	0.2100	0.3483
-0.2126	-0.0683	0.2091
-0.4213	0.6274	0.2091
-1.1170	0.9752	-0.2083
-1.1865	0.4187	-0.4865
-0.5604	0.3491	-0.0691
-1.8126	0.8361	-0.2778
-0.9083	0.0709	-0.4170
-0.6996	0.0709	0.0004
-1.1170	1.1143	0.5570
-1.8822	0.4883	0.3483
0.1352	-0.6943	0.6961
-0.0039	0.8361	0.5570
-0.6300	0.4883	-0.3474
-1.1865	0.2100	0.1396
-1.1170	0.7665	0.2091
-1.3952	0.7665	0.1396
-2.2996	0.6274	-0.3474
-0.7691	-0.3465	0.9743
-0.9083	0.9752	1.2526
-1.3952	0.6274	1.1135
-1.4648	0.9057	0.8352
-0.9778	0.0013	0.4178
-0.9083	0.4187	0.4178
-0.6300	-0.1378	0.1396
-1.3257	0.9057	0.2091
-0.7691	0.4187	0.3483
-0.9083	0.0709	0.2787
-1.3257	0.7665	0.6961
-0.6300	-0.6943	0.4874
-0.6996	1.1143	0.7657
-1.6735	1.2535	0.2091
************TIME_SERIES************
ClassID: 1
TimeSeriesLength: 125
TimeSeriesData: 
-1.1865	-0.7639	0.4874
-1.6039	-0.4857	0.9048
-1.7430	1.8100	-0.0691
-5.5691	6.2622	-2.5735
-30.1952	16.9752	3.1309
-61.1517	68.9404	2.5048
-10.8561	117.0796	15.0961
43.8222	101.9143	8.0004
11.5439	51.3404	5.5657
-58.7865	77.0796	52.4526
-46.2648	83.2709	111.1657
-9.3257	36.2448	121.3917
-38.1257	18.8535	169.5309
-71.1691	12.9404	204.3830
-40.7691	-15.5813	187.7570
-23.1691	-28.1030	183.8613
-41.4648	-32.2074	198.5396
-42.4387	-40.6943	200.0700
-41.5343	-48.8335	185.8787
-50.9257	-59.9639	189.5657
-56.9778	-28.7987	190.6091
-51.2735	-4.7987	177.8091
-53.6387	-2.0857	154.9917
-51.3430	-2.6422	129.0439
-35.3430	1.6709	98.8526
-23.3778	-8.2770	73.8091
-21.1517	-4.3117	51.9657
-17.7430	2.9230	37.4265
-5.6387	7.1665	24.1396
-0.1430	4.3143	13.8439
-1.1865	1.8796	3.3396
-0.2822	-2.0857	-0.4865
-2.5083	6.8883	-0.8343
-6.5430	9.5317	1.4613
-4.8039	6.8187	0.1396
-3.4822	3.2013	-0.2083
-5.2909	5.8448	-0.2083
-2.6474	1.6709	0.2091
0.4135	-0.5552	-1.5300
1.6657	-1.1813	-0.4865
-0.0735	2.6448	1.8787
0.4135	3.2013	2.8526
0.3439	1.1143	1.0439
-0.9778	0.1404	-0.0691
-0.2126	2.0187	1.3222
1.3178	2.5752	1.6700
-0.5604	1.6709	-0.7648
-0.4909	0.9057	0.5570
1.2483	2.7839	2.5048
0.1352	3.0622	0.2091
-1.5343	0.6274	-3.2691
-1.6039	-0.4161	-1.1126
-0.7691	1.6709	1.3222
-1.7430	0.7665	1.1830
0.0657	-0.6248	2.0178
-0.1430	1.7404	3.6874
1.7352	2.2274	4.4526
0.6222	2.2970	2.9222
-0.6996	1.3230	1.6700
-1.7430	1.5317	1.5309
-0.2126	1.0448	1.3222
-0.9083	1.9491	0.3483
-1.8822	0.6274	-0.2083
0.3439	1.3926	0.2091
0.7613	1.5317	0.6961
-2.1604	1.3926	-0.2778
-2.9257	1.3926	0.5570
-1.0474	0.6970	1.3917
-1.8822	0.4187	1.1830
-2.0213	0.3491	2.4352
-1.3952	0.9752	3.2700
0.4830	0.0013	2.7135
-0.7691	1.3230	1.9483
-2.9257	1.6709	0.7657
-0.7691	0.2100	-0.2083
-0.9778	0.2100	0.2787
-2.0213	0.9057	0.5570
-2.4387	0.6274	0.5570
-1.3257	0.6970	0.9743
-0.2822	0.6970	1.8091
-0.7691	1.0448	2.2265
-0.7691	1.6013	2.4352
-0.2822	2.8535	2.1570
-0.5604	1.0448	-0.0691
-1.3952	-0.9030	-0.6952
-1.5343	2.2274	1.1830
-0.9083	1.5317	1.2526
-1.9517	-0.0683	0.8352
-2.3691	-0.2770	1.2526
-2.1604	0.2100	1.8091
-1.8822	1.3926	1.6700
-1.4648	-0.0683	0.9048
-1.6039	-0.9030	-0.4170
-1.6735	-0.4857	0.0004
-1.5343	0.6274	1.1830
-1.8822	-0.2074	0.9048
-2.6474	0.5578	1.1135
-3.3430	1.9491	1.1830
-2.3691	1.6013	1.0439
-2.4387	0.2796	0.0700
-3.6213	1.5317	0.6961
-2.0909	0.7665	1.1830
-2.0213	0.9057	1.0439
-1.8126	0.2796	0.5570
-1.0474	-0.3465	0.9048
-0.6996	0.2796	1.3917
-0.2126	0.6970	2.3657
-1.1865	0.9057	2.4352
-0.1430	-0.2770	2.0178
0.2743	-0.1378	1.6700
-2.8561	1.0448	0.9743
-0.8387	-0.8335	0.4874
-0.8387	-0.8335	0.5570
-1.8822	1.3926	0.3483
-1.2561	0.4883	-0.2083
1.3178	-0.2770	0.2091
-0.3517	0.3491	-0.0691
-1.3257	1.8796	0.4178
-0.4213	0.9057	0.9743
0.1352	2.3665	0.9048
-0.0735	1.3230	0.3483
-1.4648	0.7665	-0.1387
-0.9778	-0.0683	0.2091
1.2483	-0.4857	1.0439
-1.1170	1.3230	0.2091
************TIME_SERIES************
ClassID: 1
TimeSeriesLength: 124
TimeSeriesData: 
-0.1430	-0.2770	-0.2778
-1.1170	0.4883	-0.2083
-0.6996	0.9057	0.3483
-2.5083	5.8448	-0.8343
15.5091	42.0187	-9.9474
5.7700	83.6187	-17.6691
4.7265	151.5143	15.0961
16.4830	59.2709	74.2961
-3.0648	-43.8248	110.3309
-26.5778	37.1491	146.5743
-36.7343	83.6883	175.3743
-70.4039	61.9143	205.1483
-74.0909	1.6013	231.8613
-69.3604	-3.6161	260.8700
-70.9604	-8.2770	254.8178
-78.1257	-35.8248	250.4352
-67.4822	-45.9813	216.7657
-47.6561	-36.5900	186.7830
-34.9952	-28.5900	154.5743
-29.4996	-21.0770	124.1048
-29.0822	-21.7030	95.0265
-19.2735	-22.3291	73.7396
-18.5778	-10.7117	53.5657
-10.5083	-3.1291	39.9309
-2.7865	7.9317	28.1743
-1.6039	5.5665	14.1222
-2.1604	-6.3987	3.6874
2.3613	-11.7552	-0.2083
1.4570	-9.5987	-1.1822
-4.8039	-2.0857	-0.6952
-3.8300	-0.7639	2.5048
-0.9778	1.6013	3.8265
-1.6039	4.3143	4.3135
-4.1778	5.6361	3.8961
-2.5083	0.6970	1.4613
-0.6996	-1.5987	2.9222
0.4135	0.8361	3.9657
-2.2300	1.6709	1.3917
0.1352	-1.1813	0.4874
-0.0735	0.0013	2.0178
-0.8387	2.1578	1.6004
-0.6996	1.7404	0.6961
-0.6996	-0.1378	0.9048
0.0657	0.4883	1.8091
-1.0474	0.9057	0.6961
-1.1170	-1.0422	-0.5561
0.6917	-1.5291	-0.1387
0.2743	-0.4857	0.6961
-1.8126	0.0013	0.0700
-1.2561	0.2100	0.0700
-1.0474	0.4187	0.2787
-0.3517	-0.7639	0.4874
-1.2561	-1.1813	0.5570
-3.2735	-0.0683	0.2787
-1.3952	-0.9726	0.2787
-0.9778	-0.6943	0.9743
-1.3257	-0.4161	0.5570
-1.4648	-0.9726	0.6961
-1.6735	0.6274	1.0439
-2.0213	-0.0683	0.6265
-1.9517	-0.6943	-0.4170
-2.0213	-0.2074	0.0004
-1.9517	0.2796	0.8352
-2.1604	-0.4161	0.0004
-3.8300	-0.6248	-0.5561
-1.3952	-0.1378	1.0439
-0.2822	0.2796	1.8787
-2.5083	-0.0683	0.6961
-1.6735	1.7404	0.6961
0.6917	1.0448	1.3917
-0.9778	1.6013	1.2526
-2.5778	0.4883	0.4874
-1.8822	0.0013	0.2787
0.9004	0.9752	1.1830
-1.9517	0.4883	0.8352
-1.6039	-0.4161	0.2787
-0.3517	0.0709	0.4874
0.1352	1.1839	0.6961
-1.0474	-0.2770	-0.2778
0.2743	-1.1813	0.0004
-1.0474	1.2535	0.6265
-1.3257	0.8361	-0.0691
-0.9083	-0.6943	-0.1387
-0.9083	0.0709	0.1396
-1.6735	-0.4161	-0.6952
-0.6300	-0.9030	0.5570
0.2743	0.3491	1.6004
-1.1170	1.2535	-0.0691
-1.6735	0.2100	-2.0170
-1.0474	0.4883	-0.8343
-1.2561	1.7404	0.1396
-0.6300	0.3491	-0.2083
-1.1170	0.2100	0.0004
-0.9083	0.5578	1.3222
0.2743	0.1404	1.8787
-0.6300	0.7665	1.3222
-1.4648	0.6274	-0.2083
-3.4822	-0.2770	-2.1561
-1.9517	-1.2509	-1.1126
-1.1865	1.3230	-0.3474
-2.6474	0.8361	-1.4604
-2.9257	1.1839	-0.6952
0.1352	-0.3465	0.4874
0.4830	0.0709	2.0178
-1.8822	0.5578	1.6004
-1.9517	0.6970	1.5309
-0.4909	1.6709	2.0874
-0.4213	1.1839	1.6004
-1.2561	0.5578	-0.2083
-3.6909	0.8361	-2.2952
-0.2822	-2.5030	-1.8778
-0.9083	0.1404	-1.3909
-0.4213	-0.2074	-0.9039
1.1091	-0.6248	0.0004
0.1352	0.9752	0.5570
-0.1430	0.9752	1.1135
-1.3257	0.7665	0.4178
-1.5343	-0.0683	0.1396
-2.2300	1.1839	-0.6257
-0.6300	-0.9030	-1.1126
-1.1170	0.0709	-0.2083
-1.6735	0.2796	-0.1387
-1.2561	0.5578	-0.2778
0.3439	-0.2074	0.5570
************TIME_SERIES************
ClassID: 1
TimeSeriesLength: 125
TimeSeriesData: 
0.1352	0.3491	-0.3474
-0.8387	0.5578	0.0700
-0.3517	0.2796	0.5570
-0.6996	1.1839	-0.2083
-0.0039	0.8361	0.1396
0.4135	0.0709	0.0700
1.3178	-2.1552	3.5483
0.4135	-6.3291	3.4787
-5.9865	-4.4509	0.9743
-5.0126	2.9926	-4.3822
0.2743	12.0361	-4.4517
-0.9778	30.2622	-5.7039
-14.6822	68.8709	-20.3126
-42.0213	101.7752	-2.2257
-2.5083	92.4535	45.9135
15.8570	27.6187	55.8613
-15.1691	84.0361	84.8004
-46.7517	90.5057	136.0700
-57.7430	45.9839	161.6004
-50.5778	-8.3465	198.3309
-57.6039	-13.1465	203.1309
-47.3778	-13.2857	209.5309
-33.7430	-53.2161	198.0526
-39.3083	-66.7117	187.2004
-42.6474	-69.9117	178.7135
-43.5517	-58.7117	168.0004
-39.5170	-30.7465	139.2700
-30.8213	-32.4857	118.9570
-24.6300	-39.8596	104.9743
-24.4213	-25.6683	96.2091
-25.8126	-6.6770	85.6352
-9.1865	-1.2509	67.2700
2.0135	-2.0161	51.6178
6.1178	-2.7117	41.1830
13.2830	-3.8248	32.9048
14.1178	-8.6248	22.8178
5.3526	-3.1987	18.3657
2.2222	3.2013	15.0961
2.3613	0.4187	7.6526
-2.3691	-1.9465	2.7135
-5.1517	3.8970	6.4004
-2.2996	9.3230	4.8700
-1.0474	1.1839	-1.3213
-3.6213	-3.8248	-4.3822
-0.9083	-2.2943	-2.2257
5.0048	1.6709	-0.3474
2.3613	1.8100	-0.4170
-2.9257	3.2013	-1.8778
-1.8822	2.0187	0.0700
-1.9517	3.8274	0.0700
-4.0387	1.3230	-0.6952
-4.7343	-0.2770	-0.2778
-1.4648	-0.1378	0.7657
-0.1430	-0.1378	0.9743
-2.0213	0.7665	-0.7648
-4.3865	1.2535	-1.1126
-3.1343	0.7665	-1.1822
-1.5343	-1.1117	-1.0430
-3.5517	-0.3465	-1.4604
-5.0126	-0.7639	-0.7648
-0.0039	-0.9030	1.8091
-2.5083	0.3491	2.2265
-1.3257	-1.7378	1.4613
-2.4387	-1.3900	1.6700
-0.6996	-0.2074	2.9917
-1.4648	0.7665	2.2265
-0.2822	-1.0422	0.9048
-0.4909	-0.7639	1.0439
-0.8387	1.0448	1.6700
-2.7170	0.3491	0.4178
-2.9952	-0.8335	0.3483
-1.1170	-0.1378	1.3917
0.2743	-0.2770	2.0178
-2.7170	0.5578	0.6265
-1.5343	0.3491	0.0700
0.6917	-1.1813	0.4178
-2.0909	1.7404	0.5570
-1.6039	0.0709	0.0700
0.1352	0.4883	0.6961
-0.8387	0.0013	0.9048
-1.2561	-0.9726	0.3483
-0.9778	-0.6943	0.4874
-0.7691	-0.3465	0.8352
-0.5604	-0.6943	0.5570
-0.1430	-0.2770	0.9048
-0.5604	0.5578	0.2091
-1.1865	-0.9030	-1.2517
-1.3952	-0.3465	-0.6952
-0.8387	-0.2770	-0.4865
-0.7691	-0.2770	0.0004
-1.4648	0.0709	-0.1387
-1.6039	0.1404	0.8352
0.8309	0.4187	1.2526
0.4830	0.7665	0.3483
-1.4648	-0.1378	-0.9039
-0.4909	0.1404	-0.9039
-1.0474	0.3491	-0.4865
-1.4648	0.6274	0.0004
-0.0039	0.0013	0.4874
-0.9083	0.4883	0.9048
-1.0474	0.6274	1.1830
-1.6039	0.5578	0.9048
-0.6996	-0.1378	0.4178
-0.4213	-0.9030	0.0004
-0.9083	0.0013	-0.0691
-0.2822	0.0013	0.4874
-0.6300	0.1404	0.4178
-0.3517	0.6274	0.1396
-0.6300	0.0013	0.1396
-1.7430	-0.0683	-0.2083
-0.3517	-0.2770	0.2787
-0.6300	0.6970	0.6961
-0.6300	0.9057	0.5570
0.4830	0.2796	0.0004
-2.4387	1.2535	-0.7648
-1.4648	0.2796	-0.7648
-1.0474	0.4883	0.1396
-0.8387	0.0013	-0.4170
-1.3257	-0.1378	-0.3474
-0.6300	0.0013	0.4874
-0.1430	0.2100	1.3917
-0.9778	0.7665	0.6961
-0.3517	-0.2074	-0.1387
-1.1170	0.4187	0.5570
-0.2126	1.0448	0.8352
************TIME_SERIES************
ClassID: 1
TimeSeriesLength: 124
TimeSeriesData: 
-0.6300	0.6970	0.2787
-1.6039	0.9752	-0.2778
-0.9083	0.5578	-0.2083
-1.2561	2.0883	1.0439
-1.0474	1.8796	-1.6691
5.5613	14.7491	-7.8604
22.2570	35.1317	-0.3474
-26.2300	63.3057	7.2352
-16.0735	70.7491	39.5830
37.7700	-10.0161	37.9830
6.0483	79.7926	53.0091
-63.4474	140.1752	107.3396
-68.9430	61.4274	154.9917
-75.1343	2.5752	179.9657
-64.2126	13.6361	186.5048
-41.9517	5.9143	191.9309
-50.6474	-10.7813	195.5483
-46.0561	-51.1987	160.6961
-30.4039	-82.0857	143.9309
-26.5083	-67.8248	133.8439
-25.4648	-51.6857	132.9396
-30.8213	-36.7291	130.7135
-32.3517	-16.4857	117.0091
-28.5952	-14.1900	106.0874
-30.1257	-17.3204	93.5657
-23.9343	-14.0509	79.5830
-19.8300	-8.4857	75.1309
-9.8822	-0.2074	75.0613
-1.6735	7.3057	71.5830
4.1004	3.2013	64.9743
5.7700	4.0361	52.1048
11.1961	1.4622	41.6004
9.8743	2.7839	29.4265
4.5874	5.5665	21.2874
2.2222	6.6796	15.6526
1.7352	4.9404	6.6787
-1.6039	0.2100	-1.4604
-3.4822	-1.4596	-4.5213
-3.2039	1.0448	-4.0343
-2.7865	0.8361	-5.2865
-4.2474	-0.2074	-6.9561
-1.1865	-0.3465	-4.0343
0.5526	2.9926	-0.6257
-0.2822	4.0361	-0.4865
-1.1170	0.3491	-0.9735
-0.5604	0.4187	0.2091
-1.2561	1.3230	1.0439
0.3439	-0.2770	0.6265
-0.2822	-1.2509	-0.0691
-0.4909	0.0013	1.1135
0.5526	1.1143	1.1830
0.5526	-0.7639	-0.1387
0.4830	-0.2770	0.3483
0.4135	1.1839	0.8352
-0.0039	-0.2074	0.2787
-0.8387	0.4187	0.0700
-1.7430	1.5317	0.5570
-1.1865	3.1317	1.7396
-0.8387	2.0883	1.3917
-0.7691	0.8361	0.6265
-0.0735	-0.1378	0.8352
0.8309	0.0013	2.4352
0.8309	-0.9030	1.6004
-0.2822	-1.5987	0.9048
-0.2822	0.4187	1.3917
0.4830	0.2100	1.4613
-0.4213	0.4187	0.4178
-1.0474	0.4187	0.1396
0.9004	-0.0683	1.2526
-0.4213	0.6274	0.8352
-0.3517	-0.6943	-0.0691
-1.8126	0.6274	0.3483
-0.6300	0.1404	0.5570
-0.2126	-1.1117	0.3483
-1.1170	0.0709	0.9743
-1.8822	0.2100	0.8352
-0.6996	-1.8074	0.6265
-0.2126	0.0709	0.8352
-1.3952	0.4187	0.1396
-1.4648	0.6970	-0.2083
-0.6300	-0.1378	-0.0691
-2.1604	-0.5552	-0.1387
-0.6300	-0.6248	0.9743
-2.2300	0.7665	1.8787
-1.3257	-0.2074	0.9048
-1.7430	-0.7639	-0.1387
-0.3517	-0.8335	1.0439
-0.0735	-0.2770	1.4613
-2.2996	0.1404	0.2787
-2.0909	-0.7639	0.2787
-2.5083	1.3926	1.1830
-2.4387	0.2796	1.1135
-3.2039	0.9057	2.0178
-2.5083	0.4883	1.8787
-2.2300	0.7665	1.4613
-0.2822	-0.0683	0.6265
0.0657	-0.1378	0.7657
-0.4909	0.0709	0.5570
-2.2996	0.4187	0.6265
-2.5778	0.8361	0.8352
-1.8126	-0.6248	0.0004
-1.4648	-0.2770	0.2787
-1.3952	-0.6248	0.2787
-0.5604	-0.6943	0.8352
-0.4909	-0.3465	1.2526
-0.6300	-0.3465	2.1570
-1.6039	0.0013	1.3222
-2.3691	0.2796	0.5570
-1.0474	0.0013	0.5570
-0.6300	0.5578	0.9743
-0.7691	0.4187	0.6961
-1.6039	-0.0683	-0.6952
-2.3691	-0.1378	-1.5996
-1.7430	-0.6248	-0.9735
0.2743	-0.6943	0.1396
-1.2561	1.4622	0.7657
-0.7691	0.6970	0.4874
0.4135	0.3491	0.6265
-1.8126	0.1404	-0.4170
-0.8387	-0.6248	-0.4865
-1.4648	-0.0683	-0.2778
-0.4213	-0.4161	0.1396
-0.6996	-0.7639	0.4874
-0.8387	0.3491	0.9743
************TIME_SERIES************
ClassID: 1
TimeSeriesLength: 124
TimeSeriesData: 
-0.9778	0.4883	0.3483
-1.8126	-1.1117	-0.4170
-0.2126	0.2100	0.2787
0.1352	-5.7030	-2.3648
-30.4735	2.9230	10.0874
-25.4648	13.0796	7.3048
14.8135	19.1317	-18.6430
-21.7083	10.5057	-1.5300
-64.4213	60.1752	20.7309
-30.9604	71.6535	47.9309
27.8917	-2.9900	40.9048
11.0570	53.9839	62.5396
-47.2387	75.6187	91.8961
-89.7430	32.9057	106.5743
-59.2039	0.2796	136.6961
-37.5691	1.1839	156.8004
-41.4648	3.8274	160.3483
-37.3604	-20.8683	159.6526
-39.2387	-36.8683	159.0961
-50.3691	-26.7117	167.7917
-52.1083	-4.1726	149.8439
-39.0996	-11.1987	140.5917
-33.0474	-33.1813	128.9743
-39.0300	-28.6596	117.2178
-31.5170	-23.9291	105.5309
-24.6996	-18.0161	94.9570
-25.4648	-18.7813	82.0178
-21.5691	-20.7291	72.6961
-15.8648	-17.6683	65.7396
-12.3865	-14.4683	56.0004
-8.2822	-15.4422	41.1830
0.0657	-21.6335	31.5830
1.0396	-14.4683	31.5135
-1.1170	-4.7291	29.5657
-1.6039	-3.0596	24.6961
-1.5343	0.0013	21.2178
-1.2561	5.9143	19.5483
-5.0822	12.5230	17.5309
-5.9865	18.0187	14.1222
-3.9691	13.5665	7.4439
-2.5083	3.6187	-1.4604
-3.5517	2.5057	-4.5213
-3.7604	1.0448	-3.3387
0.4135	-1.0422	-1.1822
3.4048	0.6274	0.3483
0.6917	1.8100	1.3222
1.5265	0.6970	1.0439
0.7613	-1.2509	-0.6952
0.6917	0.9057	-0.2083
0.3439	2.7143	0.2091
-0.4213	0.4187	-1.8778
0.4830	-1.1813	-2.0170
1.2483	0.9057	0.4874
0.5526	2.0187	1.9483
-0.9083	0.8361	-0.1387
0.8309	-2.9900	-1.6691
0.2048	-0.4857	0.3483
-0.0735	1.3926	1.9483
-0.4213	1.0448	1.4613
-0.1430	-1.8770	0.0004
-0.5604	-1.3204	1.0439
-0.0735	-0.0683	2.5743
-0.5604	-0.1378	1.4613
-1.3257	-0.8335	-0.6257
-0.2822	-0.9030	-0.4170
-0.0735	-0.2074	0.0004
-0.3517	-0.6248	-0.3474
0.6222	-1.1813	0.2091
-0.5604	0.9057	0.9743
-1.2561	1.1839	0.4874
0.2743	-0.5552	0.0004
-0.8387	0.2796	-0.6257
0.1352	-0.2770	-0.3474
-0.4909	1.6013	0.7657
0.6222	0.9752	0.7657
0.2743	0.0709	0.6265
-0.9083	1.0448	1.7396
-0.4909	0.6970	1.8787
-0.5604	0.0013	1.3917
-0.2822	-0.3465	0.9048
-0.2126	-1.1813	1.2526
0.8309	-1.1117	1.4613
-0.0039	0.3491	1.4613
-1.8126	1.5317	0.6961
-2.2300	0.4187	-0.2083
-0.6300	-0.1378	-0.0691
-0.4213	-0.0683	0.0700
-1.6039	0.3491	0.1396
-0.9083	-0.4857	0.2091
-1.0474	-0.4161	0.7657
-1.0474	1.3926	0.9743
-0.0039	0.4187	0.8352
0.8309	-0.8335	0.4874
-2.1604	0.7665	0.1396
-2.5083	0.0013	0.0004
-0.3517	-0.4161	0.7657
-0.4213	0.2100	0.8352
-0.9778	-0.1378	0.5570
-1.3952	-0.2074	-0.2778
-1.1170	-0.2074	0.4178
-0.2822	-0.4161	0.6265
-0.0039	1.7404	1.2526
-0.6996	1.4622	0.0700
-0.2126	-0.0683	-0.9735
-2.0909	0.9057	-0.6952
-0.6300	0.0709	-0.0691
-1.6039	-0.2074	-0.4170
-0.6300	-0.6943	0.4874
0.6222	-0.6943	1.6700
-0.8387	0.7665	1.6004
-0.9083	-0.2074	0.3483
-1.0474	-0.5552	-0.4865
-0.9083	-0.4857	-0.5561
-1.3952	-0.4161	-0.4865
-0.2126	-0.2770	0.4178
-1.1170	0.2796	0.4178
-0.9778	-0.1378	0.3483
-0.2126	-0.4161	0.4178
-0.7691	0.0709	1.0439
-1.7430	1.1839	1.1830
0.2743	-0.7639	0.8352
2.0830	-0.9030	1.3222
1.3178	-1.0422	0.5570
-1.1170	-0.7639	-0.4865
************TIME_SERIES************
ClassID: 1
TimeSeriesLength: 124
TimeSeriesData: 
-3.9691	0.7665	-2.3648
-1.1865	-0.2770	0.0700
-0.0039	0.6274	0.7657
-2.2996	2.4361	-2.4343
-3.8300	1.3230	-2.5039
-2.5778	0.2100	-0.9735
-4.0387	-1.5987	-0.8343
-6.6126	-2.5030	-0.5561
-5.8474	-3.2683	1.3222
-5.5691	1.3230	-0.2083
-6.4735	-0.3465	-1.3213
-15.3778	3.2013	3.0613
-19.2735	8.5578	9.5309
-14.4735	8.7665	19.0613
-23.9343	10.6448	29.2874
-43.6213	19.9665	47.8613
-53.1517	-0.1378	79.1657
-50.2300	-21.5639	102.7483
-40.9083	0.5578	118.1222
-45.0822	5.6361	145.7396
-37.7778	-36.5900	171.4787
-18.0213	-35.9639	159.7917
-41.1865	10.9926	172.1743
-46.0561	-4.1030	178.7830
-45.2213	-50.0161	183.8613
-51.3430	-63.9291	176.9048
-48.9778	-66.9900	176.9743
-47.0300	-35.8943	175.4439
-48.6996	-23.9291	167.0961
-36.3170	-38.6770	152.0700
-21.0822	-34.2248	151.9309
-13.5691	-15.2335	142.6787
-10.7865	-17.8074	127.3048
-9.8126	-30.1204	108.6613
-3.8300	-10.7813	98.7830
-5.5691	10.5752	77.4265
-10.3691	9.2535	53.5657
-4.8039	12.3143	41.2526
2.8483	19.4796	34.7830
0.7613	13.9839	17.1135
-0.2126	2.2970	4.2439
2.7787	4.7317	4.2439
0.7613	6.8883	2.2961
-5.7083	-4.7291	-7.7909
-2.2300	-7.5117	-5.1474
2.0135	-1.5291	0.2091
-3.9691	0.9057	-1.4604
-4.8039	-0.4857	-3.1300
-1.3952	-1.6683	0.3483
-1.5343	2.5752	1.8787
-3.6909	0.5578	-0.4170
-4.1083	-6.5378	-2.2257
-2.1604	-5.4248	-0.8343
-1.2561	2.6448	2.7135
-0.6300	-0.7639	2.0874
-0.6996	-3.1291	-0.3474
0.9004	-0.5552	0.2091
1.5265	3.8274	1.4613
0.4830	4.8709	1.6700
-2.0213	2.5752	-0.7648
-1.4648	0.4883	-1.1822
-2.0909	3.0622	-0.1387
-0.8387	0.8361	-0.7648
-0.1430	-0.2770	-1.0430
-1.3952	1.8100	0.1396
-1.1865	0.8361	0.0700
-1.6735	-1.0422	-1.3213
-2.6474	1.8796	-1.3909
-2.3691	0.9057	-1.4604
-1.8822	-0.2074	-0.1387
-0.4909	0.5578	-0.2778
0.0657	-0.3465	-1.0430
-0.9083	2.0883	-0.8343
-0.2126	2.9926	-0.2778
-1.4648	3.6883	0.3483
-1.8822	2.9926	0.9048
-1.6039	2.9926	1.2526
-0.9083	0.6274	0.5570
-0.4909	0.0013	0.3483
-0.9083	0.7665	-0.5561
-2.4387	-0.4857	-1.3213
-1.5343	0.4883	-0.1387
-0.0735	0.7665	0.6961
-1.4648	-0.5552	-0.9039
-1.0474	-0.2770	-0.4170
0.0657	0.3491	0.4178
-0.8387	-0.6248	0.0700
-4.5257	1.3230	-0.6952
-2.7865	0.4883	0.9048
-1.1865	1.1839	1.8787
-2.2300	0.7665	0.2091
-1.8822	-0.9030	-0.4170
-0.1430	0.0013	0.0004
-0.0735	1.0448	0.2091
-0.7691	1.0448	0.7657
-1.4648	0.0709	0.1396
0.6917	0.4187	0.4178
0.2048	1.8796	-0.2083
-1.6039	1.1839	-1.8083
-0.7691	1.5317	-0.6257
-0.8387	0.9752	-0.3474
-1.4648	1.3926	-0.0691
-0.5604	-1.1117	0.4178
-1.0474	0.9057	1.4613
-1.6735	1.6013	1.4613
-2.2996	-0.5552	-0.5561
-1.2561	-0.2770	-0.0691
-1.0474	1.4622	0.5570
-2.0213	-0.1378	-0.4865
-1.7430	-0.0683	-0.2083
-0.5604	-0.4857	0.3483
-0.7691	0.2796	-0.0691
-1.2561	-0.4161	-0.8343
-1.5343	0.6274	-0.4865
-0.4909	-0.8335	-0.6257
-1.0474	0.4883	-0.3474
-0.0039	1.8100	0.1396
0.4135	-0.2770	0.2787
-1.5343	1.2535	0.1396
-2.2300	0.0013	0.0004
-0.9083	0.2100	1.3222
-0.4213	-1.2509	0.2787
-2.3691	-2.5726	-0.6257
-2.5083	0.2796	1.3222
************TIME_SERIES************
ClassID: 1
TimeSeriesLength: 125
TimeSeriesData: 
-18.3691	-3.1987	-3.3387
-15.3778	-4.3117	-3.5474
-9.2561	-2.1552	-5.0778
-4.0387	-0.9726	-3.9648
-0.8387	1.3230	-3.6865
0.1352	1.6709	-2.3648
-0.0735	1.9491	-1.1126
0.1352	1.6013	0.2091
0.2048	1.0448	-0.2778
-0.9778	0.1404	-0.2778
-2.7865	0.1404	-0.2778
-2.0213	0.5578	-1.3213
-1.8126	-0.4857	-1.8083
-2.2996	0.2100	-1.3213
-2.4387	-0.8335	0.3483
-3.0648	-1.5291	0.0700
-8.0735	2.6448	-5.4952
-22.4039	8.0013	-14.0517
-49.4648	6.4709	-25.8778
-68.8735	2.6448	-34.3648
-57.2561	2.9926	-28.4517
-3.8300	-5.4248	11.1309
30.2570	-31.1639	39.9309
5.4222	12.8709	73.2526
-31.7257	10.2274	77.1483
-39.9343	14.1230	61.6352
-70.5430	45.6361	69.9830
-129.3257	37.6361	82.1570
-130.0213	1.2535	118.7483
-100.8039	13.4274	123.7570
-83.2039	-60.1726	148.8700
-61.1517	-45.4943	177.7396
-58.3691	-24.8335	171.4091
-65.8126	-19.3378	176.0700
-72.2822	-29.7030	185.0439
-74.7170	-24.0683	174.5396
-59.6909	-29.2857	166.1222
-62.4735	-72.9030	155.2004
-67.3430	-83.8943	132.3830
-44.8039	-61.9117	125.2178
-41.6039	-40.7639	138.2961
-53.4300	3.2709	149.2178
-42.6474	35.1317	141.7048
-36.3170	18.7143	118.6787
-31.2387	27.9665	94.7483
-21.7083	59.5491	87.7222
-1.6039	49.3926	60.0352
2.3613	35.7578	34.9917
-6.8909	51.2013	31.7917
-3.6909	53.6361	26.3657
1.1091	16.4187	2.0178
4.2396	4.3143	0.1396
0.6222	25.3230	15.1657
-0.7691	7.9317	6.4004
1.3874	-9.4596	-3.9648
0.6222	-0.3465	2.3657
-0.1430	0.5578	2.9222
2.1526	-8.4161	-3.6170
2.0830	-3.3378	-2.9909
0.0657	10.0187	1.8787
-0.4213	-0.2770	-6.3996
-0.0039	-6.3291	-9.0430
0.7613	0.5578	-2.1561
-0.3517	3.7578	0.6265
0.2048	-3.1291	-2.6430
0.9700	-4.8683	-2.7126
-0.4213	2.3665	1.2526
-0.6996	-1.3204	-1.5300
-0.6996	-1.5291	-2.4343
1.5961	0.4187	0.3483
1.1091	0.7665	0.0700
-0.4213	0.9752	-1.8083
1.0396	-1.8770	-3.5474
-0.2126	-1.7378	-3.8952
-0.9778	3.5491	-1.6691
0.2743	0.2796	-5.0778
2.5004	-5.1465	-7.3735
-1.1170	0.1404	-3.8257
-0.0039	0.6970	-1.5996
0.2048	-2.0161	-2.6430
-0.5604	1.8100	0.6961
-0.0735	0.6970	1.6700
0.0657	-2.5030	-0.6257
-0.5604	-1.7378	0.0004
-0.4213	-4.6596	-2.4343
-2.0213	-5.0074	-4.7996
-3.7604	2.9926	0.2091
-1.1865	2.7839	1.4613
-2.1604	-2.4335	-2.7822
-1.7430	2.0187	0.4178
-0.6300	5.7057	4.3830
0.6222	-1.2509	1.1135
-0.8387	0.5578	2.2265
-0.9778	7.3752	5.9135
0.1352	2.4361	2.7830
0.2048	-0.5552	0.4178
-1.0474	6.4013	3.4787
-0.3517	0.5578	-0.1387
0.3439	-6.6074	-3.9648
-1.5343	0.2100	-0.6952
-1.5343	1.8796	0.2787
-0.9083	-0.3465	-1.6691
-1.3952	1.5317	0.2787
-2.1604	2.7143	-0.0691
-2.7865	-0.2770	-1.7387
-1.4648	1.6709	-0.8343
-0.2822	1.6013	0.9048
-0.4213	-0.6943	-0.4170
-0.9778	-4.4509	-1.9474
-0.2126	-0.4857	0.9048
-0.9083	3.2709	2.3657
-0.9083	-1.0422	-1.1822
-1.6039	-1.1117	-0.4170
-1.7430	4.1057	3.2700
-1.2561	-0.4857	0.0004
-0.5604	-1.9465	-1.4604
-1.8126	1.8796	1.5309
-1.8126	1.5317	1.3917
-1.8126	-1.8770	-0.2083
-2.0213	2.1578	1.7396
-2.0213	0.2100	1.3917
-1.7430	0.9057	0.2091
-2.0909	1.1839	-0.0691
-1.0474	4.1057	1.6700
-0.1430	-0.1378	-0.6952
************TIME_SERIES************
ClassID: 1
TimeSeriesLength: 124
TimeSeriesData: 
-0.9778	0.4187	-0.7648
0.2743	0.3491	0.0004
-0.3517	0.0709	0.4178
-1.4648	0.4187	-0.2083
-1.0474	0.2796	-0.3474
0.3439	0.4187	-0.1387
0.3439	0.0013	-0.1387
-0.8387	0.4187	-0.6257
-0.3517	0.9057	-0.2778
-0.3517	0.2100	-0.2083
-0.6996	0.7665	-0.8343
0.1352	1.5317	-0.5561
0.2048	0.2100	-0.1387
-0.1430	-0.2770	-0.1387
-0.1430	0.4883	-0.0691
0.0657	0.5578	-0.2083
-0.4213	0.1404	-0.2778
-0.4909	0.0709	-0.2083
0.6917	0.0709	0.4874
0.2048	0.1404	0.0700
-3.4822	0.0709	-2.0865
-21.7083	3.8274	-11.5474
-42.6474	15.0274	-14.9561
-13.2909	-31.0248	50.7135
-21.9170	-10.2248	87.5135
1.0396	6.8883	73.2526
-52.3865	106.0883	88.9048
-91.2039	78.7491	112.7657
-52.6648	41.3230	164.3135
-20.0387	41.7404	150.2613
-38.1257	33.3926	155.1309
-48.6300	8.8361	170.2265
-20.2474	-30.7465	182.0526
-17.7430	-7.0248	178.5048
-46.5430	15.7926	181.1483
-38.9604	-20.3117	186.7135
-48.4213	-39.6509	170.5048
-56.5604	-64.7639	150.8874
-58.8561	-48.7639	128.3483
-56.9083	-37.4248	121.5309
-47.9343	-13.4943	98.7830
-45.2213	-30.6770	81.7396
-52.6648	-4.5204	77.2874
-48.9778	18.3665	76.5222
-41.6735	17.1839	62.4004
-40.9083	22.9578	54.1222
-42.8561	48.7665	53.5657
-29.5691	32.0013	40.6961
-16.7691	22.6100	19.7570
-11.5517	31.6535	23.3743
-7.7952	35.0622	24.6961
-2.9952	9.8796	7.5135
-2.2300	1.6709	0.5570
-4.5257	15.3057	9.0439
-1.5343	5.4274	4.0352
-0.8387	-5.9813	-3.8257
-3.5517	0.6274	-0.2083
-2.4387	4.4535	0.7657
1.0396	-1.9465	-5.0778
2.2222	-1.8074	-2.2952
2.8483	4.1752	2.7830
2.0135	-1.4596	-1.0430
2.9178	-1.6683	-3.4778
1.0396	-0.4161	-0.6257
0.9004	0.2100	1.2526
-0.7691	-0.9030	-0.6952
-1.9517	1.1143	0.9743
-2.9952	1.8796	1.3917
0.2048	-2.7813	-0.9735
-1.8126	0.7665	-0.6257
-1.3952	2.5752	0.9743
2.0830	-0.2074	0.4874
1.3178	-0.0683	-0.6257
-2.0213	1.8100	0.3483
0.6222	0.6970	1.1135
-0.0039	-0.8335	-0.1387
-1.4648	1.9491	0.5570
-2.0909	1.7404	0.8352
-0.5604	-0.2074	0.4874
-0.0039	-1.0422	0.3483
-1.1170	0.8361	0.7657
-1.1865	2.0187	1.3222
0.4830	-0.4161	0.4178
-1.4648	1.5317	0.0700
0.1352	-0.6943	-0.2778
-0.0735	-0.0683	-1.3909
-1.6735	-0.3465	-3.2691
-1.3952	1.3926	-0.4170
-0.6996	3.0622	2.5743
-1.0474	1.8796	0.4874
-1.2561	-0.9030	-1.1126
-2.4387	2.7839	2.4352
-2.0213	1.6709	1.6004
-0.2126	-3.4074	-1.8778
-0.2126	-1.5987	-1.3909
-3.5517	2.0187	0.1396
-1.8822	0.4187	0.0700
-3.1343	2.4361	1.1135
-2.9952	0.2796	0.4178
-2.2300	-0.8335	0.5570
-2.9257	0.5578	1.6004
-0.9083	2.2970	2.0178
-0.4909	0.0709	0.4874
-2.0909	1.1143	0.5570
-1.9517	1.8100	1.1830
-0.6996	-0.4857	-0.4865
-0.6300	-0.9030	0.3483
-1.5343	0.0709	1.3222
-1.2561	-0.9030	1.1135
-0.0039	-1.7378	0.7657
-0.1430	1.6709	2.2265
-0.9083	0.2100	0.6961
-1.6735	-1.3900	-0.2778
-1.8126	0.3491	1.1830
-1.5343	-0.1378	0.4874
-0.6996	-1.4596	-1.0430
-0.7691	0.3491	0.5570
-1.4648	0.7665	0.4874
-0.3517	-2.0161	-1.1822
-0.8387	1.2535	0.6265
-0.2822	0.3491	-0.1387
-0.0039	-1.8770	-1.3213
-0.6300	0.1404	-0.6952
-0.8387	2.9230	0.7657
************TIME_SERIES************
ClassID: 2
TimeSeriesLength: 126
TimeSeriesData: 
-0.0039	1.1143	-1.4604
-1.6735	2.7839	-2.9909
-0.2126	-1.7378	-1.1126
-0.7691	-2.5030	-1.1822
-1.3257	-0.0683	-2.6430
4.1004	1.3926	1.3917
3.2657	3.4796	4.6613
1.3178	0.2796	2.4352
1.3178	2.0883	0.4874
1.0396	-0.2770	-0.0691
-1.2561	1.5317	-0.6257
0.5526	-0.5552	-0.9735
0.1352	0.9057	-3.3387
6.0483	2.7143	-7.0952
11.9613	11.7578	-3.1996
26.1526	10.5752	0.7657
30.8135	4.7317	-5.2865
25.7352	11.6187	-18.7126
16.8309	19.2709	-23.0952
37.1439	6.6100	-3.4083
47.4396	-12.4509	13.7048
47.0222	-0.0683	23.7222
57.6657	8.2100	32.6961
63.3700	-13.3552	37.4265
48.8309	-11.6857	26.7135
25.3178	-76.3117	-1.1126
42.0135	19.8274	9.9483
38.8830	18.9926	7.7917
42.2222	24.7665	8.7657
37.1439	10.5057	9.0439
22.8135	3.6883	9.1135
12.7961	10.0883	3.8265
2.9874	-1.5987	1.3917
-0.5604	-2.9204	0.4874
-3.6909	-1.9465	7.5135
-8.7691	1.3230	13.9135
-6.4735	2.5057	17.5309
-9.8822	13.0796	19.6178
-18.0909	30.4013	22.7483
-10.9952	31.0970	24.2787
-1.2561	21.9839	26.1570
-7.3083	19.8970	19.8265
-0.5604	3.6187	9.3222
2.3613	7.7230	15.5135
3.1265	1.1143	10.9222
6.3961	-44.5900	-9.9474
-3.0648	-46.8161	-27.6170
-18.7170	25.0448	-26.6430
1.7352	-43.0596	-23.6517
-0.0039	-67.4074	-14.6083
-15.8648	-18.6422	-36.9387
-9.1170	-34.4335	-59.8257
-5.0126	-17.3204	-44.5909
-11.8300	-25.2509	-25.5996
-12.7343	-67.1291	-3.3387
-10.2300	-25.1117	15.0265
-2.5778	2.0883	15.0265
5.9787	-10.5030	14.8178
7.3004	4.9404	18.2265
11.6135	7.5143	9.0439
8.2048	4.7317	7.3743
6.0483	-0.6943	13.5657
6.0483	-7.2335	16.4178
3.6830	-7.0248	11.9657
-2.0909	-6.6770	16.0004
3.6135	-32.4857	20.1048
5.9091	-34.3639	12.6613
2.5700	-17.2509	1.4613
4.5874	-22.7465	-4.8691
7.1613	-34.1552	-6.0517
4.6570	-35.7552	-10.8517
-0.5604	-30.3987	-14.6778
-4.0387	-39.9291	-14.1909
-14.8213	-47.0248	-15.8604
-26.5083	-57.5291	-26.6430
-35.2039	-88.6943	-26.7126
-28.3170	-35.9639	-48.4170
-30.7517	-89.3204	-20.1735
-36.6648	-26.8509	-25.1822
-21.5691	30.5404	-28.1039
-7.4474	4.9404	-8.8343
-12.4561	-19.8248	10.7135
2.4309	-9.8770	10.8526
7.5787	1.3926	7.7222
0.7613	-8.1378	20.1048
-0.4213	-20.7291	24.7657
-1.2561	-7.8596	26.5048
-7.0996	-14.7465	31.0265
-16.4909	-13.9117	43.9657
-12.3865	-12.0335	46.4004
7.1613	-18.6422	38.7483
4.3787	-16.1378	21.3570
-4.1778	-6.2596	22.6787
33.5961	-56.7639	27.9657
41.4570	-21.4943	-16.4170
21.3526	35.1317	-31.0952
15.0917	46.6100	-17.5300
1.5265	52.3839	-23.5126
-49.5343	38.6796	-11.0604
-48.0735	39.2361	-22.1213
-33.8126	75.8970	0.4178
-48.3517	18.2274	24.2091
-57.6039	42.5752	3.7570
-35.6909	61.1491	5.6352
-33.0474	39.1665	19.6178
-40.1430	80.2796	0.0700
-26.9952	36.7317	0.0004
-28.5952	11.6187	3.0613
-15.7952	-3.9639	5.4265
-5.0822	-5.4248	7.5135
-10.1604	2.5752	8.2787
-3.6213	0.0709	9.4613
0.4135	1.1839	11.2004
-8.4213	4.1752	1.8787
-13.9865	0.6274	-11.1996
-1.1170	-3.8943	-4.5909
1.7352	-6.3291	1.9483
-3.9691	-2.2248	-1.4604
-0.7691	8.0709	-1.8778
0.6222	3.4796	-0.1387
-3.6909	3.6187	-7.3735
-4.1778	6.9578	-9.4604
1.7352	4.8709	-0.6952
1.2483	2.7839	0.4874
-4.3865	5.4274	-4.0343
-2.4387	10.9926	-3.7561
************TIME_SERIES************
ClassID: 2
TimeSeriesLength: 124
TimeSeriesData: 
0.5526	1.3230	-1.3213
-0.6996	-0.9030	-0.5561
0.8309	0.2796	-0.1387
2.2917	0.7665	-0.9039
-0.4213	-2.4335	-1.5996
-1.1865	0.0013	-1.0430
0.4830	0.6274	0.1396
2.1526	0.9057	1.3917
2.0135	-0.6248	-0.9039
2.0830	1.4622	-0.0691
5.4917	1.3230	-1.3213
1.5265	1.1839	-1.1126
2.7091	-4.7987	-0.1387
7.3700	-3.7552	4.5917
11.0570	-1.0422	9.0439
17.5265	-2.7813	14.1917
19.4048	-11.2683	8.5570
37.7004	9.5317	9.2526
58.9178	25.8100	18.7830
56.8309	17.4622	32.2787
54.1178	-11.6857	35.0613
57.8048	-10.9900	35.9657
63.4396	-11.8943	35.5483
50.6396	1.9491	2.2961
39.5091	-77.2857	16.2787
37.1439	-23.6509	12.7309
48.1352	8.0709	11.0613
47.5091	-3.0596	5.2178
41.2483	10.9230	2.4352
37.5613	17.3926	5.4961
34.3613	-5.4248	3.6874
23.0222	-5.5639	10.9222
15.4396	7.2361	8.4874
6.6743	5.5665	3.6178
3.4048	-1.0422	1.0439
3.8222	-4.8683	3.2700
5.7004	-6.3291	2.5743
0.4135	-9.0422	3.4787
-0.6300	-9.0422	13.5657
11.1961	-5.9813	27.6178
34.3613	-24.6943	38.4700
35.3352	-48.0683	41.8091
20.7961	-71.5813	19.6874
1.9439	-56.9726	-7.0952
-14.6126	-26.8509	-13.0083
-18.8561	-18.6422	-18.4343
-31.3778	37.9839	-24.9039
-30.4039	66.0187	-27.5474
-26.5778	-11.8943	-16.9735
-26.0213	-48.4857	-0.2778
-20.1083	-28.9378	0.9743
-14.1257	-56.9030	15.1657
-10.9257	-50.8509	21.1483
-11.3430	-39.9291	12.0352
-5.3604	-10.2943	3.6874
-2.0213	2.3665	-1.3909
-6.5430	-6.0509	6.2613
-10.3691	-19.1987	5.3570
-9.4648	-38.3291	-3.1996
-5.5691	-14.6074	-13.9822
-2.1604	28.5230	-17.7387
0.2048	35.2709	-15.6517
3.8222	32.6274	-8.2778
4.0309	31.8622	-0.2083
1.5961	23.9317	7.6526
2.4309	22.7491	10.9222
0.8309	28.5230	4.8004
-0.7691	29.9839	0.0004
-7.6561	27.2013	4.8700
-7.4474	13.3578	2.2265
-12.7343	19.2013	-10.0170
-13.8474	34.2970	-21.8430
-12.7343	14.2622	-24.2778
-9.4648	9.4622	-3.7561
-17.5343	-16.2770	-8.0691
-22.4735	-32.2074	-9.0430
-16.2126	-34.0857	-12.3126
-22.6126	-35.6161	-15.3735
-37.6387	-28.4509	-24.2083
-40.7691	-5.7726	-34.9213
-26.6474	-7.2335	-40.3474
-33.8126	-15.2335	-32.0691
-41.8126	-14.6074	-26.3648
-23.5865	-13.2857	-17.0430
-20.9430	-6.3291	-14.6083
-17.5343	-13.0074	-0.4170
-7.3083	-15.5813	7.7222
-3.1343	-9.7378	3.4091
-3.8996	-10.8509	3.3396
-4.1083	-22.1900	16.5570
-7.7952	-24.0683	23.8613
1.4570	-31.6509	21.2178
7.9265	-35.6161	18.6439
1.1091	-31.0943	19.7570
-11.4126	-44.3813	26.9222
-0.9778	-74.4335	31.0265
7.4396	-63.6509	31.0265
-9.6735	-8.6248	26.7830
-2.0213	-44.2422	-4.5909
6.3265	-19.4770	-17.3213
8.4830	22.7491	10.9222
8.6917	37.3578	14.1917
-13.9865	4.5230	-21.2865
-44.1083	57.1143	-7.4430
-29.3604	121.6013	5.2874
-43.0648	64.9752	20.5917
-58.5083	47.4448	21.2874
-44.6648	105.6013	-5.4952
-33.0474	88.7665	-4.7300
-24.6996	39.3057	11.9657
-19.9691	42.9230	9.2526
-14.1257	29.2187	9.8787
-3.0648	10.6448	15.3048
-0.4213	10.8535	12.8004
-1.2561	8.2100	3.4787
0.9004	6.7491	1.8787
2.9874	7.6535	2.5743
3.6135	0.7665	0.9743
3.5439	-0.4857	0.1396
1.8048	3.4100	0.9743
2.5700	-14.2596	1.6004
0.1352	-1.9465	-1.3213
-1.1170	4.8709	-1.4604
-0.7691	-7.4422	1.8091
************TIME_SERIES************
ClassID: 2
TimeSeriesLength: 124
TimeSeriesData: 
-2.9257	-0.9030	-3.1996
-0.8387	7.3752	-3.3387
-0.3517	2.9926	-2.9909
-1.6735	1.4622	-1.3213
-0.0039	5.6361	-1.4604
1.0396	5.9143	-0.7648
0.6917	-0.7639	-0.2778
-0.6996	-1.5291	0.9048
2.5700	-4.4509	-4.1039
3.4743	1.1839	-8.8343
0.5526	4.2448	-8.5561
8.5526	-11.0596	2.5743
42.5700	-14.9552	10.4352
53.9091	-2.6422	13.0787
57.5265	-1.1813	18.2961
60.3787	-5.6335	23.7917
57.1787	-7.9987	25.1830
35.4743	-6.6074	19.6178
29.3526	-0.2074	7.6526
20.1004	0.3491	1.2526
19.2657	-5.2161	1.6700
14.8830	-2.9900	3.2700
27.2657	2.8535	1.9483
18.1526	16.4883	-0.4865
6.1178	16.9752	-1.5300
0.4830	31.3752	-4.5909
-6.3343	19.2709	0.4874
-2.0213	-6.4683	12.3830
9.1787	-9.5291	14.5396
8.3439	-9.6683	-1.8083
3.0570	-10.9204	-19.6865
16.2743	-1.9465	-25.1126
24.4135	2.2274	-14.6778
20.1700	-12.4509	-5.5648
25.5961	-29.0074	-3.7561
22.7439	-29.1465	-10.5039
6.1874	-26.8509	-9.2517
5.7004	-44.2422	-11.8952
5.1439	-58.0857	-22.7474
-17.1170	-32.8335	-21.0778
-13.0126	-43.7552	-22.6778
2.8483	-77.9813	-26.2257
-7.0300	-54.6074	-18.4343
-7.0300	-21.7726	-15.3039
1.8743	-12.4509	-4.8691
4.7265	-23.3030	8.5570
0.4135	-12.3813	10.5743
-1.9517	3.5491	5.9830
0.9700	14.3317	1.6004
-1.3952	14.2622	-6.1909
-8.7691	12.1057	-7.9300
-11.9691	6.3317	-1.7387
-16.4909	4.5230	1.1830
-18.6474	-5.3552	-4.9387
-23.5170	11.6187	-2.2257
-16.0039	-5.4248	-8.8343
-13.0822	-5.9117	-15.7213
-26.7170	-36.3813	-26.5735
-24.5604	-48.2074	-20.7996
-25.8126	-27.4770	-23.3039
-31.6561	-32.4857	-26.9213
-37.6387	-29.3552	-21.8430
-39.6561	-14.8161	-22.9561
-30.4735	-21.0770	-9.3213
-20.6648	-1.3204	-11.4778
-16.2126	16.1404	6.7483
-16.6996	2.7839	14.5396
-17.3952	2.7143	29.4265
-4.6648	49.7404	40.2787
-0.5604	66.3665	29.5657
-13.1517	89.1143	19.0613
-18.5083	89.8796	28.4526
-14.8909	23.1665	10.7830
-34.6474	-12.3117	-2.8517
-49.6039	-14.3987	-9.3909
-43.9691	-6.0509	-18.9909
-40.1430	3.2013	-9.5996
-51.2039	-14.6770	35.2700
-1.6039	71.7230	34.0178
-1.1865	118.1926	22.5396
-15.7257	77.2187	23.3743
-11.2735	48.0013	16.4178
-4.4561	41.0448	10.4352
-2.5083	6.7491	6.1917
-0.9083	-13.9117	2.2961
-2.7170	-11.3378	-4.5213
-4.7343	2.0187	-2.8517
-4.4561	-4.1726	1.9483
-3.5517	-3.4074	3.6874
-2.2996	-5.7030	3.5483
-0.7691	-11.1987	6.6091
0.6917	-11.7552	7.0265
-3.1343	-5.0074	6.4700
-5.0822	6.8187	3.3396
-5.5691	13.4274	1.8091
-3.8300	6.7491	1.2526
-2.1604	3.2013	-0.2778
0.2048	-1.2509	-2.5735
-0.1430	-5.0074	0.8352
1.0396	-4.6596	0.7657
0.6222	4.8013	0.0004
-1.1865	2.1578	0.2787
-2.5778	4.8013	-1.5300
-1.8126	5.7057	0.6961
1.5265	-1.9465	1.2526
-0.9083	1.7404	0.0700
-2.2300	4.3839	-0.3474
0.2743	0.7665	1.8091
1.1787	0.4883	0.0700
-2.0213	0.4187	-1.2517
-2.5083	-0.5552	0.2091
0.2743	0.6274	1.6004
2.2222	0.2100	2.8526
-0.2822	1.5317	2.0874
-1.8126	0.9057	0.1396
0.5526	0.5578	1.2526
1.3178	0.0709	0.9048
-1.5343	2.2970	-1.1822
-5.9170	2.3665	-1.2517
-4.1083	2.2274	-2.0170
-0.4213	1.4622	-1.3213
-1.3257	0.1404	-1.2517
-0.9083	0.9752	-1.5300
-0.0735	1.4622	-0.4170
************TIME_SERIES************
ClassID: 2
TimeSeriesLength: 125
TimeSeriesData: 
1.0396	-5.7726	-2.7822
0.9004	-1.1117	-5.5648
-4.8039	7.0274	-0.2778
-3.6213	1.7404	0.5570
-1.8822	4.1057	0.1396
0.0657	4.8013	-0.9039
5.0048	3.1317	-4.1735
2.9178	7.1665	7.3743
26.2222	-8.0683	19.2700
48.5526	-4.3117	19.6178
47.4396	5.2883	21.2874
47.9961	-2.2248	23.5135
58.2917	-0.2074	25.0439
60.8657	16.0013	22.5396
50.2222	28.0361	13.3570
33.3178	25.5317	8.1396
24.7613	23.6535	5.5657
15.0222	30.1230	0.5570
14.6743	-13.6335	-7.3735
1.6657	1.7404	4.1743
0.4830	14.2622	2.5743
-2.5778	-10.8509	5.2178
-4.9430	-17.5291	9.7396
8.9004	-17.1813	5.7048
11.8917	-10.5030	-2.3648
6.2570	-8.3465	-10.7126
3.6830	-6.1900	-14.1909
6.1874	-13.4248	-25.2517
3.1961	-13.0770	-36.3822
2.1526	8.9057	-23.0257
8.6222	2.7839	-2.7822
12.7961	-31.3726	9.6700
6.8135	-21.2857	5.9135
4.4483	3.6187	-2.5735
8.2048	-12.9378	2.7830
-2.5778	-24.6248	-8.9735
-9.2561	-7.5117	-30.8170
-8.3517	-6.1204	-38.7474
-10.5778	-24.2074	-31.9300
-10.9257	-28.8683	-28.1735
-7.6561	-27.4074	-17.1822
-8.9083	-23.3726	-7.3039
-8.2126	-26.9204	-0.9735
-10.2996	-16.4857	6.0526
-7.5865	-4.4509	13.6352
-1.8126	0.1404	16.0700
-3.1343	11.4100	7.6526
2.2917	25.6013	4.6613
6.6048	23.2361	10.5743
-2.5083	18.2970	10.5743
-11.4126	15.6535	3.4091
-4.6648	28.1752	1.5309
-17.5343	23.5143	8.3483
-17.2561	-2.1552	4.9396
-15.7952	8.5578	-10.7126
-21.5691	25.9491	-15.8604
-17.0474	4.5230	-18.9909
-16.0039	-31.5813	-27.2691
-18.6474	10.8535	-16.7648
-22.5430	-26.9900	-1.5300
-20.9430	-42.2248	-8.5561
-21.9865	-28.1726	-26.5735
-18.5083	-8.5552	-24.2083
-25.1865	-18.7117	-34.5039
-39.3083	-28.9378	-45.1474
-26.2996	-57.8770	-38.3996
-18.2996	-35.6161	-15.7909
-12.5257	-36.7291	-3.7561
-3.6213	-39.9291	-2.5039
2.0135	14.4013	-5.0083
6.2570	10.2970	-2.6430
5.0743	-7.7204	-0.9735
5.2830	-28.3813	-7.4430
3.0570	-14.8857	8.3483
4.2396	-2.0161	25.6700
2.1526	-25.6683	28.3135
-6.3343	-38.6770	15.4439
-9.0474	-25.9465	-1.3909
-20.4561	10.5752	9.7396
-21.1517	-9.2509	27.2700
-12.1083	-18.4335	48.6961
-8.9083	19.4100	47.0961
-14.4735	35.8274	24.3483
-30.2648	43.3404	25.2526
-22.8213	27.3404	29.7743
-8.4909	34.0883	19.4787
-26.9952	51.4796	8.2787
-22.9604	26.9230	3.4787
-10.2300	21.9839	1.3222
-11.6213	13.0796	3.7570
-10.6474	-1.8074	-1.5996
-12.0387	18.1578	4.0352
-7.7952	14.8187	6.7483
-4.9430	-0.3465	3.2004
-7.7952	5.8448	3.0613
-5.5691	-0.8335	1.9483
-3.4822	-6.3291	-0.1387
-2.9257	-2.9204	1.8787
-4.9430	0.0709	2.0178
-3.7604	1.1143	0.7657
-3.6909	0.8361	0.6961
-3.6213	1.9491	0.9048
-3.9691	2.8535	-0.5561
-4.7343	3.8970	-1.1126
-4.4561	5.9143	-1.8083
-1.6735	1.8796	-0.5561
-3.4822	2.5752	-1.1126
-3.1343	-0.2074	-2.2952
-1.6039	-2.6422	-0.3474
-2.7170	0.4883	-0.8343
-3.2039	1.8796	-1.1126
-0.9083	-0.6248	-0.2083
-2.5083	2.0187	-1.3213
-0.8387	1.6013	-0.4170
1.4570	-0.6943	0.7657
-1.3257	1.0448	-0.2083
-2.8561	2.7839	-0.0691
0.6222	-0.0683	1.6004
-0.6300	0.0709	0.9743
-0.2126	0.6274	-1.0430
-0.9083	0.8361	0.4178
-2.0213	1.7404	0.6265
-1.6735	1.4622	0.7657
-0.6300	0.5578	-0.1387
-1.4648	1.2535	-1.3909
************TIME_SERIES************
ClassID: 2
TimeSeriesLength: 124
TimeSeriesData: 
0.1352	-0.7639	0.6265
-0.9083	2.0883	0.3483
-0.6996	0.3491	0.1396
-1.6039	0.3491	0.1396
-0.3517	0.7665	-0.5561
-0.9778	0.8361	-0.4170
-1.8822	0.8361	0.1396
0.0657	-0.2770	0.1396
0.2048	1.2535	-0.0691
0.2048	0.9752	0.3483
0.6917	1.3926	0.2787
0.9700	1.3926	-0.4170
-0.9083	1.6013	-0.2083
0.7613	2.0883	0.0004
0.4135	0.6274	0.6961
1.5961	1.5317	0.4178
3.4743	1.4622	-0.6952
6.2570	5.4274	-1.3213
10.3613	8.9752	-0.9735
17.9439	10.7143	1.9483
35.1961	12.0361	10.9222
55.4396	12.6622	21.0091
66.2917	13.9143	23.0961
65.3874	20.3143	23.8613
55.3004	24.2100	32.8352
50.5700	20.4535	32.1396
49.3874	19.7578	31.7222
40.6917	19.7578	35.6874
33.8048	0.0709	27.6874
22.3961	-4.7291	15.7917
18.7091	3.1317	9.0439
15.5091	47.4448	-1.4604
22.3961	-11.1291	-11.6170
14.9526	-5.3552	-7.3039
18.7091	-6.0509	-8.4865
11.1265	-14.0509	-3.8257
-5.8474	-9.0422	-3.0604
-10.5083	12.9404	-1.3909
-7.4474	5.1491	6.4700
-3.6909	-3.7552	19.3396
-1.6735	-0.8335	14.1222
-8.2126	15.8622	-3.0604
-13.4996	12.6622	-12.0343
-15.3778	18.4361	-10.2952
-10.4387	23.9317	-18.8517
-19.3430	22.9578	-9.0430
-22.8213	10.3665	-1.3909
-12.6648	9.1143	-0.7648
-0.9778	6.6100	0.5570
-3.7604	8.2100	-1.7387
-0.8387	21.2187	-13.6343
16.4830	0.6274	-31.0257
18.7787	-14.1204	-42.9909
10.1526	-9.9465	-41.3909
15.0917	-25.2509	-36.6604
17.0396	-38.1900	-31.0257
2.9178	-21.2161	-21.6343
2.0830	-30.0509	-11.6865
6.2570	-36.3117	-0.0691
0.4830	-18.1552	13.0091
-3.8300	-5.5639	17.1830
6.9526	-7.3726	15.5830
10.8483	2.1578	14.8874
5.0743	8.6970	21.6352
4.2396	-2.5030	24.9048
17.0396	0.4883	15.3743
14.6743	12.5230	2.7135
-3.4126	13.1491	4.3830
0.5526	-4.1726	9.8091
-4.5952	-5.7726	4.3135
-10.0213	-1.6683	-9.7387
-21.0822	-4.1030	-9.5300
-15.9343	-14.1204	-8.9039
-6.6822	-3.4074	-7.5822
-15.0300	-5.9813	-20.3126
-22.8909	-24.6943	-21.4952
-28.4561	-27.2683	-18.6430
-29.3604	-28.7291	-18.9213
-27.3430	-24.9726	-29.2865
-22.8213	4.5230	-35.4778
-23.3083	-24.9726	-30.8170
-21.9170	-46.3987	-23.4430
-17.3952	3.0622	-20.7300
-13.8474	-20.4509	-7.5126
-5.0822	1.9491	2.3657
4.5178	28.3143	-4.1735
7.3004	26.1578	-2.1561
7.7874	9.3926	7.3743
4.1004	-14.1900	15.0265
-7.1691	-20.4509	17.5309
-18.2996	-8.7639	18.9222
-17.6039	-13.9813	16.4178
-14.1257	-49.1813	-5.6343
-37.9865	-54.8161	-24.3474
-44.1778	-10.8509	-7.7213
-7.7952	-7.6509	8.8352
10.8483	-22.8161	22.8874
-0.4213	25.5317	47.4439
-15.2387	39.3752	36.3135
-22.3343	32.9752	23.5135
-21.2213	36.7317	24.6961
-16.2822	24.0709	17.7396
-11.8996	14.1230	11.2700
-14.4039	15.5839	8.9048
-11.9691	32.1404	12.6613
-4.9430	17.5317	7.9309
-7.5865	12.1752	6.2613
-8.2822	2.4361	5.6352
-3.8300	-9.1813	1.3222
-5.0126	-5.3552	0.4874
-7.1691	-2.2248	0.6961
-4.8039	1.4622	-1.5300
-3.6909	0.0013	-2.8517
-2.0909	-1.7378	-4.3126
-3.6213	5.4274	-6.6083
-4.3170	2.7839	-4.8691
-1.6039	-5.0074	-2.9909
-4.5257	7.3057	-1.1126
-8.3517	7.2361	1.3917
-7.3083	1.8796	-0.9735
-5.7083	0.3491	-1.2517
-2.0213	-4.3813	0.1396
2.5700	-2.5726	-0.3474
-0.1430	-0.0683	-1.1822
************TIME_SERIES************
ClassID: 2
TimeSeriesLength: 124
TimeSeriesData: 
-1.6039	2.0187	-0.1387
0.0657	-0.9726	0.6961
-0.6300	0.7665	0.4874
-3.4126	6.3317	-2.8517
-0.6300	4.0361	-3.8257
2.9178	0.0013	-1.1126
0.9004	2.5057	-0.5561
1.4570	2.2970	-0.8343
1.8743	1.6709	-0.5561
3.3352	3.6883	0.2787
4.7961	1.7404	-0.1387
7.6483	4.5926	-1.4604
13.0048	4.2448	-0.6257
23.3700	4.9404	3.8961
39.5787	6.6796	9.2526
49.6657	6.6100	14.5396
47.7178	7.6535	15.6526
42.1526	14.4013	16.1396
42.9178	17.2535	19.6178
42.7787	18.2274	23.1657
40.9004	15.5143	23.9309
28.9352	22.9578	17.6700
13.0743	28.3143	12.1743
25.5961	-12.4509	12.2439
32.1352	-26.3639	12.8004
15.5091	5.2883	4.1743
10.4309	6.9578	-19.8952
14.3265	-17.8770	0.0700
9.7352	4.8709	3.8961
9.1091	-3.8248	1.8787
6.6048	-24.5552	8.1396
2.2917	-12.0335	7.4439
-0.9083	1.1143	0.4178
-3.9691	4.5230	-5.2170
-7.1691	13.2883	-2.0865
-4.9430	22.6796	1.6700
-1.5343	26.1578	1.1135
-3.8996	33.1839	1.4613
-6.4735	36.8013	4.1048
-0.4909	9.9491	-2.2257
-8.3517	18.0187	-4.3822
-22.2648	48.2100	6.1222
3.8222	7.4448	3.8961
24.9004	-55.2335	-9.5300
-4.5257	-5.7030	-10.5039
8.2743	-5.2161	-33.8083
17.5961	-37.7726	-41.7387
3.1265	-11.6857	-37.0083
16.3439	-45.1465	-42.7822
9.5265	-55.0248	-33.9474
-6.7517	-40.3465	-24.6952
-10.7170	-31.4422	-30.5387
-10.3691	-27.0596	-16.6257
-14.7517	-12.5204	7.7222
-11.9691	-14.0509	19.2700
-1.3952	-1.8074	20.7309
10.8483	8.8361	15.3743
4.5178	26.8535	29.9830
3.1265	12.7317	38.5396
17.8048	1.7404	29.8439
10.7091	9.8100	16.8352
0.9700	10.3665	21.9135
2.8483	-8.8335	21.9830
-7.7257	-20.2422	7.8613
-13.5691	-7.5813	-5.1474
-7.8648	-2.6422	-19.1996
-22.6126	8.2796	-7.3039
-29.8474	-55.9987	-47.6517
-25.7430	-26.3639	-67.3387
-36.8735	8.6274	-51.0604
-38.8213	-19.0596	-23.4430
-42.4387	-31.0248	-6.4691
-40.0735	-19.0596	-16.6257
-28.8735	-23.6509	-27.0604
-21.1517	-79.6509	-6.0517
-26.2300	-39.0248	4.1048
-16.4909	23.9317	-0.6952
-6.3343	33.8100	-3.8952
-5.6387	34.0187	-0.3474
-3.0648	10.7839	18.3657
-1.8126	-7.3030	20.2439
-3.4126	-4.1726	8.5570
-1.6039	22.9578	13.3570
9.3178	11.8274	6.6091
12.0309	-13.7726	-10.3648
-8.0039	-55.3030	-16.8343
-10.7170	-43.5465	13.7048
20.5178	-24.0683	28.8700
25.0396	-25.0422	26.3657
3.0570	14.6100	36.9396
3.8917	40.0013	15.5830
0.2048	66.1578	7.1657
-14.5430	64.7665	30.1222
-17.7430	34.0883	34.7830
-20.6648	40.4883	14.1917
-41.6039	47.6535	7.5135
-39.7952	11.1317	2.7135
-24.9778	13.6361	-3.0604
-21.4996	30.1230	-6.3996
-15.8648	11.6187	-1.1822
-2.5083	-1.2509	2.7830
0.3439	-5.9813	6.2613
-8.5604	-7.5117	3.2700
-10.5778	0.8361	0.3483
-4.1083	7.1665	2.9917
-2.0213	0.4883	4.0352
-4.9430	0.8361	-4.1039
-6.0561	6.6796	-5.9822
-1.8822	2.3665	-5.1474
-2.8561	3.6883	-4.6604
-4.9430	5.6361	-2.5735
-4.3170	3.2709	-1.3213
-2.7865	1.0448	-2.5039
-2.2996	3.1317	-2.5039
-1.7430	-2.0161	-3.2691
-3.9691	0.1404	-3.4778
-2.1604	4.7317	-1.3909
0.8309	2.7839	-1.8778
-2.0213	0.9057	-1.1126
-3.0648	3.4100	-1.8083
-0.9778	4.0361	-1.0430
-1.5343	1.6709	-1.6691
-2.6474	3.7578	-1.1126
-2.5778	1.8100	0.2787
************TIME_SERIES************
ClassID: 2
TimeSeriesLength: 124
TimeSeriesData: 
0.4135	0.4187	-0.1387
5.2830	-0.5552	2.5743
5.6309	1.6709	2.9917
7.9265	4.7317	2.1570
16.3439	8.4883	7.1657
31.9265	8.5578	15.3743
44.5178	10.7839	21.0091
46.3265	15.9317	24.6265
50.2222	18.2970	17.7396
53.9787	23.0274	16.4874
55.7874	12.0361	17.8091
52.4483	4.1057	12.1743
39.3004	19.1317	2.3657
27.6135	15.2361	4.4526
21.9091	4.8013	7.8613
6.3961	15.4448	-5.9822
7.3004	31.2361	-12.2430
16.4830	26.0883	-2.8517
15.0917	25.6013	-4.9387
13.4917	13.2883	1.6004
11.3352	-1.1117	2.7830
13.0743	-10.7813	10.6439
10.5700	-12.6596	17.0439
5.7700	-10.7813	16.4874
1.7352	-7.6509	11.2700
-0.2822	8.4187	4.1048
-2.2996	22.4013	-11.1300
-6.2648	32.0709	-16.4170
-0.5604	9.6013	-9.3909
19.6830	-41.8770	-5.0083
11.3352	-34.4335	7.0265
-0.6996	-22.6770	3.4091
3.8917	-48.4857	-9.5300
-7.7952	-23.9291	-13.8430
-17.1170	-2.7117	-31.3039
-11.8300	-17.7378	-46.1909
-9.1170	3.5491	-57.3213
3.1265	-10.2248	-47.5822
8.9004	-29.4943	-19.6170
1.1091	-18.2248	-5.4952
-5.0822	-15.4422	-8.1387
-8.1430	0.4187	-0.4865
-6.8909	0.0013	6.4004
-7.8648	6.4013	9.6700
-3.2039	7.6535	10.0874
-1.9517	3.2013	16.4178
-5.9170	1.6013	20.6613
-5.0126	-0.6943	12.3830
-12.5257	23.3057	5.4265
-16.3517	34.7143	6.2613
-21.5691	24.0013	8.7657
-25.3257	7.5143	8.4874
-14.7517	-0.2074	6.5396
-10.5083	-54.8161	5.7048
-15.4474	-27.5465	29.5657
-10.9952	-49.9465	-0.7648
-17.6735	-10.7117	-15.6517
-26.9257	-3.6857	-30.0517
-26.0213	-9.8770	-31.5126
-15.5170	-35.1987	-46.8170
-28.2474	-42.3639	-51.0604
-22.5430	-31.4422	-38.5387
-8.4909	-71.7204	-16.6257
-10.9952	7.2361	-13.3561
-10.2300	38.4013	-9.9474
1.7352	-3.0596	1.0439
2.7091	-19.1987	11.9657
-3.6213	-17.3900	20.3135
-1.3952	-20.4509	21.0091
0.4135	-16.4161	23.9309
-4.8735	-4.1726	29.7743
-11.1343	-11.8943	28.1743
-13.4300	-29.1465	16.0004
-18.0909	-4.5204	6.3309
-26.7170	61.2883	19.1309
-14.8213	18.5752	11.6874
-30.6822	13.5665	18.2265
-49.6039	43.6187	45.4961
-17.3257	31.1665	42.7830
-8.5604	22.5404	45.7048
-13.7778	9.9491	29.6352
-18.5778	33.8100	9.6700
-15.0996	51.6883	-3.8952
-14.6126	19.4100	-13.0778
-14.2648	22.4013	-12.8691
-11.6909	35.0622	-8.7648
-5.4996	6.6100	-7.2343
-2.0909	-13.0074	-7.0952
-3.8300	-12.1726	-1.5300
-5.9865	-7.9291	2.1570
-2.4387	-9.7378	0.1396
-0.4213	-3.5465	-0.5561
-4.5257	6.9578	0.1396
-5.1517	5.2883	0.7657
-4.4561	5.0796	1.8091
-4.3865	3.7578	-1.6691
-3.4822	5.7752	-3.6170
-3.8996	7.6535	-1.3213
-3.2039	4.0361	-1.8083
-1.0474	-0.4857	-4.4517
0.1352	-2.3639	-4.4517
-0.3517	-3.5465	-4.1039
-0.5604	-2.0161	-2.7126
0.4830	-0.3465	-2.2257
1.5265	5.7752	-1.1822
-0.0039	4.0361	-0.8343
-2.7865	3.2013	-2.0170
-1.7430	3.4796	-1.7387
-4.0387	-0.2074	-0.9735
-6.2648	4.1057	-2.1561
-0.0039	2.2970	-0.4170
2.5004	-3.8248	1.4613
-0.9778	-0.5552	0.5570
-1.2561	0.2100	-0.6952
-0.0735	1.8100	-0.2083
-1.3952	3.1317	-0.0691
-2.4387	2.7839	-2.0865
-1.2561	2.9926	-3.6170
-1.5343	1.4622	-1.3909
-1.6039	1.3230	1.1830
-0.6300	1.0448	1.2526
-2.5083	1.4622	-0.1387
-2.7170	0.9752	-1.6691
-1.7430	1.8100	-1.7387
************TIME_SERIES************
ClassID: 2
TimeSeriesLength: 124
TimeSeriesData: 
2.7787	15.8622	-5.7735
16.7613	14.2622	3.5483
35.7526	2.1578	17.4613
49.2483	1.6013	24.9048
57.4570	-1.4596	24.6265
59.1961	0.2100	31.1657
72.6917	5.1491	34.2961
77.7700	10.2274	29.5657
73.6657	2.9926	26.5048
71.1613	-10.5726	20.3135
66.1526	-11.8943	23.1657
63.4396	-18.5726	26.3657
51.9613	-10.9900	18.1570
33.1091	-5.4943	6.2613
28.9352	-1.5291	0.9743
29.0048	17.5317	-0.4865
20.0309	-9.9465	-4.7300
8.6917	-16.2770	4.5222
3.7526	-4.3813	4.5222
-7.7257	-6.8857	4.8700
-18.3691	-12.7987	1.7396
-10.4387	-4.8683	-0.0691
1.2483	-9.6683	7.7917
6.9526	-18.5030	8.7657
0.6222	-7.0943	-1.5300
-8.9083	1.6013	-9.0430
-5.2909	0.2796	-5.2865
-2.9952	-0.6248	15.0265
11.9613	-29.9813	18.0874
6.6048	-32.2770	18.0874
10.0135	-39.2335	10.7135
7.7178	-52.9378	-7.5822
-4.3865	-20.0335	-11.3387
-8.5604	-31.3030	-19.9648
-22.2648	-48.2770	-26.5735
-29.0126	-29.5639	-20.9387
-16.0039	-18.9204	-7.0952
-10.8561	-32.4161	1.3917
-14.6822	-29.7030	1.6700
-8.6300	-1.6683	2.1570
-2.1604	13.6361	-1.4604
-5.4996	12.7317	-6.9561
-5.1517	8.4187	-7.9300
-3.4126	25.2535	-1.1822
-0.6996	11.9665	-0.9039
-1.6039	-12.2422	3.2700
-1.3257	-14.7465	7.7917
-10.4387	4.0361	0.8352
-2.8561	-4.5204	-12.7300
-3.1343	-17.4596	-17.8778
-10.8561	4.5230	-7.8604
-6.3343	7.2361	-15.7213
-16.4213	-2.4335	-24.7648
-29.2213	-15.7204	-21.2865
-25.3952	30.7491	-18.2952
-27.6213	-10.0857	-29.0778
-47.2387	-27.7552	-31.0952
-44.7343	-12.1030	-24.1387
-31.8648	-12.5204	-22.2604
-29.7778	-9.1117	-26.0170
-40.1430	-12.1030	-33.1822
-38.3343	18.5752	-25.4604
-23.6561	10.1578	-10.7822
-13.0822	-10.0857	5.3570
-7.7952	-13.7726	4.1743
0.4830	-4.3813	1.8787
14.2570	-6.3987	11.7570
16.9700	-22.2596	12.6613
-0.3517	-5.0770	13.4961
13.1439	-2.2248	10.6439
23.5091	-16.0683	3.3396
8.9700	4.8709	5.9135
-1.3257	23.1665	23.8613
15.0222	15.5839	23.5135
3.0570	29.9143	6.4700
-26.9257	48.6274	-2.8517
-41.8126	54.5404	-5.9822
-24.2126	62.8187	3.9657
-12.3865	34.2970	7.6526
-20.1083	21.1491	7.2352
-17.2561	36.8709	6.6787
-8.2126	22.7491	0.0004
-12.7343	9.6709	-0.9039
-15.7952	33.6013	2.3657
-11.5517	24.0709	2.0874
-7.9343	-3.3378	3.9657
-7.4474	-12.7987	-0.2778
-4.3170	-17.8770	-0.3474
-1.4648	-8.2074	-3.6170
-3.3430	-4.1030	-9.4604
-10.2996	6.4709	-10.2952
-6.6822	10.5752	-6.6778
1.0396	0.6274	-1.1126
-0.2822	-5.2857	2.3657
-3.4126	2.4361	0.6265
-0.9778	7.1665	0.0004
-2.2300	2.7839	1.7396
-0.2822	-3.8248	2.6439
-0.0039	-3.1987	1.6700
-1.7430	-2.6422	-1.7387
-3.1343	1.0448	-2.7126
-3.2039	7.1665	-3.2691
-2.0213	6.0535	-3.4778
-0.0039	2.4361	-1.7387
-2.0213	-0.0683	-0.4170
-2.4387	-0.5552	-0.9039
-2.0213	0.6274	0.3483
-1.4648	-2.0161	0.6265
-0.8387	-2.9204	-1.4604
-1.6039	-0.6248	-2.0865
-1.7430	0.7665	-1.4604
-1.9517	2.1578	-1.3213
-2.3691	0.1404	0.4874
-2.0213	1.2535	1.3917
-3.3430	1.8100	0.6265
-1.7430	1.1143	1.2526
-1.0474	-0.6248	0.4874
-1.8126	0.6970	-0.6257
-0.0735	0.0709	-0.1387
-0.4909	0.0709	0.2091
-0.6996	-0.3465	-0.0691
-2.8561	-0.8335	0.3483
-1.3952	0.7665	-0.6257
-1.0474	0.7665	-1.2517
************TIME_SERIES************
ClassID: 2
TimeSeriesLength: 124
TimeSeriesData: 
-0.4213	2.1578	0.7657
0.7613	1.2535	-0.2778
0.2743	0.5578	-0.4170
-0.2822	0.4187	0.0700
0.3439	1.9491	-0.4865
1.9439	-1.5291	-0.2778
0.8309	0.3491	-0.4865
-0.0735	1.1839	-0.9735
0.7613	1.6013	-0.4170
1.5265	-0.2074	0.5570
1.3178	2.8535	-0.9039
4.4483	3.4796	1.8091
12.1700	-0.4857	6.4700
21.8396	4.0361	12.1743
36.0309	9.8796	19.6874
44.6570	4.3839	20.8004
22.6743	15.5143	21.5657
22.0483	20.6622	27.6178
55.9265	13.8448	40.0004
80.0657	8.9752	40.6265
69.2135	13.7057	26.2265
38.5352	23.2361	14.1222
30.1178	-2.1552	15.7222
35.6135	-17.1117	16.8352
18.5700	1.1839	9.8091
8.4135	9.8100	4.0352
15.6483	7.3057	9.5309
20.5874	-6.1204	0.2787
10.5004	-5.7726	7.1657
4.5178	-6.3291	6.4700
4.2396	-12.5204	2.7135
-3.3430	-12.3117	1.1830
-8.9778	2.1578	-0.5561
-3.6909	3.7578	-0.6952
-1.1170	5.1491	2.3657
-3.2735	17.7404	5.9830
-3.6213	21.9143	3.4091
-3.3430	14.0535	-7.7213
-0.9083	5.3578	-14.0517
3.7526	10.3665	-13.8430
9.6657	6.0535	-13.7735
5.1439	-15.3030	-15.4430
-4.8039	-9.1813	-11.9648
2.2917	-15.1639	-14.7474
-0.9778	-39.1639	-13.3561
0.8309	-46.5378	-8.6257
14.8135	-40.5552	-1.4604
21.9091	-44.1030	3.4787
12.5874	-50.7117	1.0439
3.8917	-41.1117	-4.1039
0.6917	-26.7117	-14.7474
-4.5952	-0.1378	-21.7735
-0.0735	-22.6770	-15.3735
1.3178	-29.2857	-13.7039
-4.9430	-9.5291	-5.9822
-0.4213	-18.1552	5.7048
1.6657	-17.4596	6.8874
-3.3430	-1.3900	1.0439
-1.7430	4.1752	-0.0691
4.3787	-2.8509	3.4091
-1.0474	-0.5552	7.1657
-8.6300	11.0622	13.5657
4.7265	5.4970	16.2091
9.6657	-1.5987	12.5222
-11.8996	9.5317	11.6178
-14.8909	5.2883	5.9135
-12.9430	8.5578	-6.5387
-27.4126	13.3578	-27.5474
-35.4126	23.3752	-22.8170
-21.1517	-21.0770	-8.4865
-16.2822	7.0274	0.2787
-7.5170	-29.9813	-11.6170
-5.0126	-16.1378	-9.8083
-12.3170	-50.1552	-11.1300
-16.9778	-48.4857	-21.9822
-25.1865	-28.3117	-36.2430
-30.4735	-13.3552	-32.9039
-26.7170	-6.6770	-25.8778
-18.1604	-23.0943	-18.6430
-18.2996	-2.7813	-12.3126
-15.4474	11.8970	-0.0691
-9.1865	-6.2596	12.0352
-1.6039	-15.5117	13.0787
-1.4648	-6.3987	11.8961
-2.2996	-0.6943	11.3396
3.0570	-2.0161	8.3483
-5.0126	1.6013	4.5222
-18.5778	12.4535	17.8787
-10.6474	-0.5552	29.4961
-5.8474	-13.8422	19.4787
-22.1952	-0.8335	1.2526
-25.8822	-6.7465	-15.3039
-21.9170	8.4187	-11.3387
-18.2300	30.0535	3.6178
-12.3170	21.6361	33.9483
-5.9170	20.8013	37.4265
-10.8561	37.1491	30.1917
-12.1778	45.7752	23.0265
-15.3778	32.4187	9.1830
-19.2039	38.1230	19.2700
-8.7691	18.0187	8.9048
-12.1778	45.5665	3.0613
-12.5257	38.2622	4.1048
0.2048	6.8187	8.1396
7.0222	-6.3291	11.3396
1.2483	-7.3726	9.9483
-3.4126	-2.2943	7.3743
-0.9778	-5.8422	5.4265
-4.8039	-1.8074	2.6439
-3.6909	4.9404	-1.5300
-3.1343	0.3491	-2.1561
-6.7517	0.4187	-2.7822
-6.7517	2.4361	-4.3126
-5.2909	7.1665	-3.8257
-7.1691	3.1317	-1.4604
-2.7170	-3.1987	-0.8343
-1.6039	-2.9900	0.8352
-2.5083	-1.6683	-0.8343
0.0657	0.2796	-3.0604
0.1352	5.0796	-1.8778
-4.1778	5.0100	-1.5300
0.2743	3.1317	-1.3909
3.3352	-1.3204	1.1830
-0.6996	4.4535	0.5570
************TIME_SERIES************
ClassID: 2
TimeSeriesLength: 125
TimeSeriesData: 
-1.0474	1.2535	-0.9039
-0.0039	-0.3465	-0.4865
-0.9778	1.7404	0.4178
-0.6996	-0.1378	0.0004
-1.0474	0.2796	0.3483
-1.8126	1.0448	0.0004
-0.2822	0.9057	0.6961
0.9700	0.0013	1.3222
1.6657	0.2100	0.4874
-0.3517	0.0709	-0.1387
0.6917	0.0709	0.4178
3.0570	-0.9030	-1.2517
-0.4909	0.5578	-2.6430
-0.6300	-0.2074	-2.2952
3.0570	3.1317	-0.9039
6.6743	14.3317	3.6178
21.6309	12.5926	13.0091
41.5961	6.1926	24.5570
59.9613	0.6970	31.5830
66.9178	8.7665	33.1135
61.6309	15.2361	33.3222
48.6917	13.8448	35.6178
34.6396	13.7752	34.1570
30.3265	-12.9378	39.0265
26.7091	-6.3291	31.9309
11.1961	5.6361	10.5743
12.7265	-8.9030	2.3657
13.2135	5.0100	1.8091
16.4135	10.0187	-5.4257
20.3091	-8.5552	-9.0430
11.8222	-11.2683	-10.5735
2.7091	-11.4770	-9.5300
3.8222	-22.1900	-4.9387
0.5526	-16.0683	-3.1996
-3.4822	-8.3465	-2.3648
-5.3604	6.0535	-1.8778
-8.4909	12.1057	-0.6257
-7.2387	13.1491	3.4787
-0.2822	11.1317	1.2526
-1.7430	18.4361	-1.0430
-3.6213	26.1578	-4.2430
7.5787	4.2448	-22.8170
1.8048	-3.4074	-22.1909
-28.8735	22.9578	-12.5213
-22.7517	13.3578	-21.8430
-0.2126	-8.5552	-16.4170
1.9439	5.2187	9.6700
29.5613	-41.0422	-13.0778
43.4743	-61.3552	-27.1300
20.1700	-36.1726	-24.9039
18.9874	-37.3552	-47.0257
10.2917	-59.7552	-46.4691
-1.3952	-27.4074	-27.1300
0.9004	-18.9204	-14.4691
-3.1343	-24.6943	-4.9387
-11.2735	-23.4422	1.7396
-4.3170	-6.7465	8.7657
-2.8561	0.5578	12.5917
-3.9691	0.9752	13.0787
-3.1343	5.8448	12.1048
-3.6909	12.3143	12.2439
-11.8996	9.3926	13.9135
-12.1778	15.7926	5.4961
-12.2474	22.1926	1.6700
-21.9865	12.5926	0.3483
-12.0387	5.9143	2.2265
-9.6039	5.1491	-7.3039
-28.5952	11.1317	-11.0604
-22.0561	-26.6422	-12.0343
-21.5691	10.2970	-15.5822
-25.1170	-16.9030	-25.0430
-30.8213	-38.7465	-23.3735
-20.5257	-51.1291	-22.3300
-11.2735	-97.2509	-30.8170
-28.3865	-18.8509	-49.8083
-35.3430	9.1839	-43.6170
-34.2996	15.4448	-18.7822
-23.6561	-16.4161	-4.9387
-18.7170	-25.3900	-4.5213
-13.2213	-22.1900	-0.5561
-8.7691	-6.8857	7.0265
-4.3865	-11.2683	3.7570
-10.0213	-6.7465	9.3222
-10.9952	-1.8074	17.9483
-5.4996	-16.4857	20.5222
3.2657	-44.4509	9.6004
-8.7691	-26.1552	6.7483
-7.7257	-7.5117	9.3222
11.7526	-36.7291	0.1396
-0.8387	-24.5552	-0.2778
-30.8213	12.0361	-6.3300
-50.5778	13.5665	-6.1909
-41.2561	1.5317	-5.0778
-28.8039	35.9665	19.8265
-19.2735	62.5404	50.5048
-11.0648	38.7491	63.3048
-13.4300	29.0796	48.5570
-26.0909	57.2535	44.8700
-23.1691	42.7839	37.0787
-12.6648	22.7491	17.0439
-14.2648	52.7317	18.5743
-7.3778	27.8970	9.8787
-2.9257	1.9491	4.5222
-4.2474	-5.5639	3.0613
-6.7517	-10.7813	1.8091
-7.6561	-3.7552	0.2787
-5.8474	0.2100	0.0700
-5.4996	5.2187	-2.0865
-4.8039	6.0535	-5.7039
-2.0213	1.6013	-3.6170
0.5526	-0.1378	-5.4952
0.6222	3.6187	-4.3822
-2.0213	7.7926	-1.1126
-1.6735	4.8709	0.6961
2.5700	-2.1552	0.5570
1.9439	-2.4335	1.7396
-0.0039	0.4883	0.6961
-0.0039	0.6970	-0.4865
-0.6300	5.2883	-0.8343
-2.2300	8.4883	-0.2778
-1.2561	3.1317	0.0004
-2.5083	3.0622	-0.9735
-2.7170	4.0361	-0.9735
-1.2561	3.1317	0.6961
-2.0213	0.9752	-0.2778
